  k           Time     T(GK)   Density     dE/dt  Timestep       he4      c12      o16     ne20     mg24     si28      s32     ar36     ca40     ti44     cr48     fe52     ni56     zn60      It 
   0 0.00000000E+00 5.000E+00 1.000E+06  0.00E+00  0.00E+00 1.00E+00 0.00E+00 0.00E+00 0.00E+00 0.00E+00 0.00E+00 0.00E+00 0.00E+00 0.00E+00 0.00E+00 0.00E+00 0.00E+00 0.00E+00 0.00E+00 0 0
   1 3.13581951E-04 5.000E+00 1.000E+06  1.69E+19  3.14E-04 9.96E-01 4.38E-06 2.65E-06 4.28E-08 1.71E-07 9.83E-06 3.78E-05 7.32E-05 3.19E-04 2.58E-05 1.43E-04 4.94E-04 2.45E-03 7.43E-07 1 3
   2 3.44940146E-04 5.000E+00 1.000E+06  1.74E+19  3.14E-05 9.96E-01 4.40E-06 2.67E-06 4.31E-08 1.73E-07 1.05E-05 4.04E-05 7.83E-05 3.42E-04 2.77E-05 1.55E-04 5.44E-04 2.72E-03 8.25E-07 1 3
   3 3.76629602E-04 5.000E+00 1.000E+06  1.77E+19  3.17E-05 9.96E-01 4.40E-06 2.67E-06 4.30E-08 1.73E-07 1.10E-05 4.23E-05 8.19E-05 3.58E-04 2.89E-05 1.65E-04 5.91E-04 3.01E-03 9.14E-07 1 3
   4 4.09150159E-04 5.000E+00 1.000E+06  1.79E+19  3.25E-05 9.95E-01 4.39E-06 2.66E-06 4.30E-08 1.73E-07 1.14E-05 4.37E-05 8.45E-05 3.69E-04 2.99E-05 1.72E-04 6.34E-04 3.33E-03 1.01E-06 1 3
   5 4.43009306E-04 5.000E+00 1.000E+06  1.80E+19  3.39E-05 9.95E-01 4.39E-06 2.66E-06 4.30E-08 1.72E-07 1.16E-05 4.46E-05 8.64E-05 3.77E-04 3.05E-05 1.77E-04 6.72E-04 3.68E-03 1.12E-06 1 3
   6 4.78707531E-04 5.000E+00 1.000E+06  1.81E+19  3.57E-05 9.94E-01 4.38E-06 2.66E-06 4.29E-08 1.72E-07 1.18E-05 4.53E-05 8.77E-05 3.83E-04 3.09E-05 1.81E-04 7.08E-04 4.07E-03 1.23E-06 1 3
   7 5.16739718E-04 5.000E+00 1.000E+06  1.82E+19  3.80E-05 9.94E-01 4.38E-06 2.66E-06 4.29E-08 1.72E-07 1.19E-05 4.58E-05 8.86E-05 3.87E-04 3.13E-05 1.84E-04 7.40E-04 4.48E-03 1.36E-06 1 2
   8 5.57604233E-04 5.000E+00 1.000E+06  1.82E+19  4.09E-05 9.94E-01 4.38E-06 2.66E-06 4.28E-08 1.72E-07 1.20E-05 4.62E-05 8.93E-05 3.90E-04 3.15E-05 1.86E-04 7.70E-04 4.94E-03 1.49E-06 1 2
   9 6.01811949E-04 5.000E+00 1.000E+06  1.83E+19  4.42E-05 9.93E-01 4.37E-06 2.65E-06 4.28E-08 1.72E-07 1.21E-05 4.65E-05 8.98E-05 3.92E-04 3.16E-05 1.88E-04 7.99E-04 5.44E-03 1.64E-06 1 2
  10 6.49893584E-04 5.000E+00 1.000E+06  1.83E+19  4.81E-05 9.92E-01 4.37E-06 2.65E-06 4.27E-08 1.72E-07 1.22E-05 4.67E-05 9.01E-05 3.93E-04 3.17E-05 1.89E-04 8.28E-04 5.99E-03 1.81E-06 1 2
  11 7.02405690E-04 5.000E+00 1.000E+06  1.82E+19  5.25E-05 9.92E-01 4.36E-06 2.65E-06 4.27E-08 1.71E-07 1.22E-05 4.68E-05 9.04E-05 3.94E-04 3.18E-05 1.90E-04 8.57E-04 6.59E-03 1.99E-06 1 2
  12 7.59936101E-04 5.000E+00 1.000E+06  1.82E+19  5.75E-05 9.91E-01 4.35E-06 2.65E-06 4.26E-08 1.71E-07 1.23E-05 4.70E-05 9.06E-05 3.94E-04 3.18E-05 1.91E-04 8.88E-04 7.25E-03 2.19E-06 1 3
  13 8.23109751E-04 5.000E+00 1.000E+06  1.82E+19  6.32E-05 9.90E-01 4.35E-06 2.64E-06 4.25E-08 1.71E-07 1.23E-05 4.71E-05 9.07E-05 3.95E-04 3.18E-05 1.92E-04 9.20E-04 7.98E-03 2.41E-06 1 3
  14 8.92595539E-04 5.000E+00 1.000E+06  1.81E+19  6.95E-05 9.89E-01 4.34E-06 2.64E-06 4.24E-08 1.71E-07 1.23E-05 4.72E-05 9.09E-05 3.95E-04 3.18E-05 1.93E-04 9.55E-04 8.77E-03 2.64E-06 1 3
  15 9.69114689E-04 5.000E+00 1.000E+06  1.81E+19  7.65E-05 9.89E-01 4.33E-06 2.63E-06 4.24E-08 1.70E-07 1.24E-05 4.73E-05 9.10E-05 3.95E-04 3.18E-05 1.95E-04 9.93E-04 9.65E-03 2.91E-06 1 3
  16 1.05345070E-03 5.000E+00 1.000E+06  1.80E+19  8.43E-05 9.88E-01 4.32E-06 2.63E-06 4.23E-08 1.70E-07 1.24E-05 4.74E-05 9.11E-05 3.96E-04 3.18E-05 1.96E-04 1.03E-03 1.06E-02 3.19E-06 1 3
  17 1.14646080E-03 5.000E+00 1.000E+06  1.80E+19  9.30E-05 9.86E-01 4.31E-06 2.62E-06 4.22E-08 1.70E-07 1.25E-05 4.75E-05 9.13E-05 3.96E-04 3.18E-05 1.97E-04 1.08E-03 1.17E-02 3.51E-06 1 3
  18 1.24908877E-03 5.000E+00 1.000E+06  1.79E+19  1.03E-04 9.85E-01 4.30E-06 2.62E-06 4.20E-08 1.69E-07 1.25E-05 4.76E-05 9.14E-05 3.96E-04 3.17E-05 1.98E-04 1.13E-03 1.28E-02 3.85E-06 1 3
  19 1.36237900E-03 5.000E+00 1.000E+06  1.78E+19  1.13E-04 9.84E-01 4.29E-06 2.61E-06 4.19E-08 1.69E-07 1.26E-05 4.78E-05 9.16E-05 3.96E-04 3.17E-05 2.00E-04 1.18E-03 1.41E-02 4.23E-06 1 3
  20 1.48749181E-03 5.000E+00 1.000E+06  1.77E+19  1.25E-04 9.82E-01 4.28E-06 2.61E-06 4.18E-08 1.68E-07 1.26E-05 4.79E-05 9.17E-05 3.97E-04 3.17E-05 2.01E-04 1.25E-03 1.55E-02 4.65E-06 1 3
  21 1.62572030E-03 5.000E+00 1.000E+06  1.76E+19  1.38E-04 9.81E-01 4.26E-06 2.60E-06 4.16E-08 1.67E-07 1.27E-05 4.81E-05 9.19E-05 3.97E-04 3.17E-05 2.03E-04 1.31E-03 1.71E-02 5.10E-06 1 3
  22 1.77850916E-03 5.000E+00 1.000E+06  1.75E+19  1.53E-04 9.79E-01 4.24E-06 2.59E-06 4.15E-08 1.67E-07 1.28E-05 4.83E-05 9.22E-05 3.97E-04 3.17E-05 2.05E-04 1.39E-03 1.87E-02 5.60E-06 1 3
  23 1.94747586E-03 5.000E+00 1.000E+06  1.74E+19  1.69E-04 9.77E-01 4.23E-06 2.58E-06 4.13E-08 1.66E-07 1.28E-05 4.85E-05 9.24E-05 3.98E-04 3.16E-05 2.07E-04 1.47E-03 2.06E-02 6.15E-06 1 3
  24 2.13443493E-03 5.000E+00 1.000E+06  1.73E+19  1.87E-04 9.75E-01 4.21E-06 2.57E-06 4.11E-08 1.65E-07 1.29E-05 4.88E-05 9.27E-05 3.98E-04 3.16E-05 2.10E-04 1.56E-03 2.27E-02 6.74E-06 1 3
  25 2.34142601E-03 5.000E+00 1.000E+06  1.72E+19  2.07E-04 9.73E-01 4.19E-06 2.56E-06 4.09E-08 1.65E-07 1.30E-05 4.91E-05 9.30E-05 3.99E-04 3.16E-05 2.13E-04 1.65E-03 2.49E-02 7.40E-06 1 3
  26 2.57074658E-03 5.000E+00 1.000E+06  1.70E+19  2.29E-04 9.70E-01 4.16E-06 2.55E-06 4.06E-08 1.64E-07 1.31E-05 4.94E-05 9.34E-05 3.99E-04 3.16E-05 2.16E-04 1.76E-03 2.74E-02 8.11E-06 1 3
  27 2.82499035E-03 5.000E+00 1.000E+06  1.69E+19  2.54E-04 9.67E-01 4.14E-06 2.54E-06 4.04E-08 1.63E-07 1.33E-05 4.97E-05 9.38E-05 4.00E-04 3.15E-05 2.19E-04 1.88E-03 3.01E-02 8.89E-06 1 3
  28 3.10709250E-03 5.000E+00 1.000E+06  1.67E+19  2.82E-04 9.64E-01 4.11E-06 2.52E-06 4.01E-08 1.62E-07 1.34E-05 5.01E-05 9.43E-05 4.01E-04 3.15E-05 2.23E-04 2.02E-03 3.31E-02 9.74E-06 1 3
  29 3.42038330E-03 5.000E+00 1.000E+06  1.65E+19  3.13E-04 9.61E-01 4.08E-06 2.51E-06 3.98E-08 1.60E-07 1.36E-05 5.06E-05 9.48E-05 4.02E-04 3.15E-05 2.27E-04 2.16E-03 3.63E-02 1.07E-05 1 3
  30 3.76865203E-03 5.000E+00 1.000E+06  1.63E+19  3.48E-04 9.57E-01 4.05E-06 2.49E-06 3.94E-08 1.59E-07 1.38E-05 5.11E-05 9.54E-05 4.03E-04 3.15E-05 2.32E-04 2.33E-03 3.99E-02 1.17E-05 1 3
  31 4.15622346E-03 5.000E+00 1.000E+06  1.61E+19  3.88E-04 9.53E-01 4.01E-06 2.47E-06 3.91E-08 1.58E-07 1.40E-05 5.16E-05 9.61E-05 4.05E-04 3.15E-05 2.37E-04 2.51E-03 4.39E-02 1.28E-05 1 3
  32 4.58804999E-03 5.000E+00 1.000E+06  1.59E+19  4.32E-04 9.48E-01 3.97E-06 2.45E-06 3.87E-08 1.56E-07 1.42E-05 5.23E-05 9.69E-05 4.06E-04 3.15E-05 2.43E-04 2.70E-03 4.82E-02 1.40E-05 1 3
  33 5.06982318E-03 5.000E+00 1.000E+06  1.56E+19  4.82E-04 9.43E-01 3.93E-06 2.43E-06 3.82E-08 1.54E-07 1.45E-05 5.31E-05 9.78E-05 4.08E-04 3.15E-05 2.50E-04 2.92E-03 5.29E-02 1.53E-05 1 3
  34 5.60810956E-03 5.000E+00 1.000E+06  1.53E+19  5.38E-04 9.38E-01 3.88E-06 2.41E-06 3.77E-08 1.53E-07 1.48E-05 5.39E-05 9.89E-05 4.11E-04 3.15E-05 2.57E-04 3.17E-03 5.81E-02 1.67E-05 1 3
  35 6.21051723E-03 5.000E+00 1.000E+06  1.50E+19  6.02E-04 9.32E-01 3.83E-06 2.38E-06 3.72E-08 1.51E-07 1.52E-05 5.49E-05 1.00E-04 4.14E-04 3.15E-05 2.66E-04 3.44E-03 6.38E-02 1.82E-05 1 3
  36 6.88590122E-03 5.000E+00 1.000E+06  1.47E+19  6.75E-04 9.25E-01 3.77E-06 2.35E-06 3.66E-08 1.49E-07 1.56E-05 5.61E-05 1.02E-04 4.17E-04 3.16E-05 2.75E-04 3.74E-03 7.00E-02 1.99E-05 1 3
  37 7.64461888E-03 5.000E+00 1.000E+06  1.43E+19  7.59E-04 9.18E-01 3.71E-06 2.32E-06 3.60E-08 1.46E-07 1.61E-05 5.74E-05 1.03E-04 4.21E-04 3.16E-05 2.86E-04 4.07E-03 7.68E-02 2.17E-05 1 3
  38 8.49884937E-03 5.000E+00 1.000E+06  1.39E+19  8.54E-04 9.10E-01 3.65E-06 2.29E-06 3.53E-08 1.44E-07 1.67E-05 5.90E-05 1.05E-04 4.26E-04 3.18E-05 2.99E-04 4.44E-03 8.43E-02 2.36E-05 1 3
  39 9.46299694E-03 5.000E+00 1.000E+06  1.35E+19  9.64E-04 9.02E-01 3.57E-06 2.25E-06 3.46E-08 1.41E-07 1.73E-05 6.08E-05 1.08E-04 4.32E-04 3.19E-05 3.13E-04 4.85E-03 9.25E-02 2.57E-05 1 3
  40 1.05542039E-02 5.000E+00 1.000E+06  1.31E+19  1.09E-03 8.92E-01 3.50E-06 2.21E-06 3.38E-08 1.38E-07 1.81E-05 6.31E-05 1.10E-04 4.39E-04 3.21E-05 3.29E-04 5.31E-03 1.01E-01 2.79E-05 1 3
  41 1.17930095E-02 5.000E+00 1.000E+06  1.26E+19  1.24E-03 8.82E-01 3.41E-06 2.17E-06 3.30E-08 1.35E-07 1.91E-05 6.57E-05 1.14E-04 4.48E-04 3.24E-05 3.48E-04 5.82E-03 1.11E-01 3.03E-05 1 3
  42 1.32003402E-02 5.000E+00 1.000E+06  1.21E+19  1.41E-03 8.71E-01 3.32E-06 2.12E-06 3.20E-08 1.32E-07 2.03E-05 6.89E-05 1.18E-04 4.59E-04 3.28E-05 3.69E-04 6.40E-03 1.22E-01 3.28E-05 1 3
  43 1.47749373E-02 5.000E+00 1.000E+06  1.15E+19  1.57E-03 8.59E-01 3.23E-06 2.07E-06 3.11E-08 1.28E-07 2.17E-05 7.27E-05 1.23E-04 4.72E-04 3.34E-05 3.93E-04 7.02E-03 1.33E-01 3.54E-05 1 3
  44 1.65392351E-02 5.000E+00 1.000E+06  1.10E+19  1.76E-03 8.46E-01 3.13E-06 2.02E-06 3.00E-08 1.25E-07 2.34E-05 7.73E-05 1.29E-04 4.88E-04 3.40E-05 4.21E-04 7.71E-03 1.45E-01 3.80E-05 1 3
  45 1.85188881E-02 5.000E+00 1.000E+06  1.04E+19  1.98E-03 8.32E-01 3.02E-06 1.96E-06 2.90E-08 1.21E-07 2.55E-05 8.29E-05 1.36E-04 5.08E-04 3.48E-05 4.52E-04 8.46E-03 1.58E-01 4.08E-05 1 3
  46 2.07438953E-02 5.000E+00 1.000E+06  9.87E+18  2.23E-03 8.18E-01 2.91E-06 1.91E-06 2.79E-08 1.18E-07 2.80E-05 8.96E-05 1.45E-04 5.32E-04 3.59E-05 4.87E-04 9.29E-03 1.72E-01 4.36E-05 1 3
  47 2.31973629E-02 5.000E+00 1.000E+06  9.29E+18  2.45E-03 8.03E-01 2.80E-06 1.85E-06 2.67E-08 1.14E-07 3.11E-05 9.77E-05 1.55E-04 5.60E-04 3.71E-05 5.27E-04 1.02E-02 1.86E-01 4.64E-05 1 3
  48 2.56739881E-02 5.000E+00 1.000E+06  8.76E+18  2.48E-03 7.88E-01 2.70E-06 1.79E-06 2.57E-08 1.11E-07 3.45E-05 1.07E-04 1.66E-04 5.91E-04 3.85E-05 5.67E-04 1.10E-02 1.99E-01 4.89E-05 1 3
  49 2.81734725E-02 5.000E+00 1.000E+06  8.28E+18  2.50E-03 7.74E-01 2.60E-06 1.74E-06 2.47E-08 1.09E-07 3.83E-05 1.16E-04 1.78E-04 6.25E-04 4.00E-05 6.09E-04 1.19E-02 2.12E-01 5.12E-05 1 3
  50 3.06919912E-02 5.000E+00 1.000E+06  7.83E+18  2.52E-03 7.61E-01 2.51E-06 1.69E-06 2.38E-08 1.06E-07 4.25E-05 1.27E-04 1.92E-04 6.61E-04 4.17E-05 6.51E-04 1.27E-02 2.24E-01 5.33E-05 1 3
  51 3.32359251E-02 5.000E+00 1.000E+06  7.42E+18  2.54E-03 7.49E-01 2.42E-06 1.64E-06 2.29E-08 1.05E-07 4.72E-05 1.39E-04 2.06E-04 7.00E-04 4.34E-05 6.93E-04 1.36E-02 2.36E-01 5.52E-05 1 3
  52 3.58114630E-02 5.000E+00 1.000E+06  7.04E+18  2.58E-03 7.37E-01 2.34E-06 1.60E-06 2.21E-08 1.03E-07 5.23E-05 1.52E-04 2.22E-04 7.41E-04 4.53E-05 7.37E-04 1.44E-02 2.47E-01 5.69E-05 1 3
  53 3.84247621E-02 5.000E+00 1.000E+06  6.68E+18  2.61E-03 7.25E-01 2.27E-06 1.56E-06 2.13E-08 1.02E-07 5.80E-05 1.66E-04 2.38E-04 7.86E-04 4.73E-05 7.82E-04 1.52E-02 2.57E-01 5.85E-05 1 3
  54 4.10815827E-02 5.000E+00 1.000E+06  6.35E+18  2.66E-03 7.14E-01 2.19E-06 1.52E-06 2.06E-08 1.01E-07 6.43E-05 1.81E-04 2.57E-04 8.34E-04 4.95E-05 8.27E-04 1.60E-02 2.68E-01 5.99E-05 1 3
  55 4.37873688E-02 5.000E+00 1.000E+06  6.04E+18  2.71E-03 7.03E-01 2.13E-06 1.48E-06 1.99E-08 1.01E-07 7.13E-05 1.98E-04 2.76E-04 8.85E-04 5.17E-05 8.74E-04 1.68E-02 2.77E-01 6.12E-05 1 3
  56 4.65473158E-02 5.000E+00 1.000E+06  5.75E+18  2.76E-03 6.93E-01 2.06E-06 1.44E-06 1.92E-08 1.01E-07 7.91E-05 2.16E-04 2.97E-04 9.39E-04 5.41E-05 9.22E-04 1.76E-02 2.87E-01 6.25E-05 1 3
  57 4.93664402E-02 5.000E+00 1.000E+06  5.47E+18  2.82E-03 6.83E-01 2.00E-06 1.41E-06 1.86E-08 1.02E-07 8.76E-05 2.36E-04 3.20E-04 9.97E-04 5.67E-05 9.71E-04 1.85E-02 2.96E-01 6.36E-05 1 3
  58 5.22496384E-02 5.000E+00 1.000E+06  5.21E+18  2.88E-03 6.73E-01 1.94E-06 1.37E-06 1.80E-08 1.03E-07 9.71E-05 2.58E-04 3.45E-04 1.06E-03 5.94E-05 1.02E-03 1.93E-02 3.05E-01 6.46E-05 1 3
  59 5.52017359E-02 5.000E+00 1.000E+06  4.96E+18  2.95E-03 6.63E-01 1.88E-06 1.34E-06 1.74E-08 1.05E-07 1.08E-04 2.82E-04 3.72E-04 1.13E-03 6.22E-05 1.07E-03 2.01E-02 3.14E-01 6.56E-05 1 3
  60 5.82275296E-02 5.000E+00 1.000E+06  4.73E+18  3.03E-03 6.53E-01 1.82E-06 1.31E-06 1.69E-08 1.07E-07 1.19E-04 3.08E-04 4.01E-04 1.20E-03 6.52E-05 1.13E-03 2.09E-02 3.22E-01 6.64E-05 1 3
  61 6.13318245E-02 5.000E+00 1.000E+06  4.51E+18  3.10E-03 6.44E-01 1.77E-06 1.28E-06 1.63E-08 1.10E-07 1.32E-04 3.36E-04 4.32E-04 1.27E-03 6.84E-05 1.18E-03 2.17E-02 3.31E-01 6.72E-05 1 3
  62 6.45194674E-02 5.000E+00 1.000E+06  4.30E+18  3.19E-03 6.35E-01 1.72E-06 1.25E-06 1.58E-08 1.14E-07 1.46E-04 3.67E-04 4.65E-04 1.35E-03 7.17E-05 1.24E-03 2.25E-02 3.39E-01 6.79E-05 1 3
  63 6.77953768E-02 5.000E+00 1.000E+06  4.10E+18  3.28E-03 6.26E-01 1.67E-06 1.22E-06 1.53E-08 1.18E-07 1.62E-04 4.01E-04 5.01E-04 1.44E-03 7.52E-05 1.29E-03 2.33E-02 3.47E-01 6.86E-05 1 3
  64 7.11645721E-02 5.000E+00 1.000E+06  3.91E+18  3.37E-03 6.17E-01 1.62E-06 1.19E-06 1.49E-08 1.24E-07 1.80E-04 4.38E-04 5.40E-04 1.53E-03 7.89E-05 1.35E-03 2.41E-02 3.54E-01 6.91E-05 1 3
  65 7.46322009E-02 5.000E+00 1.000E+06  3.73E+18  3.47E-03 6.09E-01 1.57E-06 1.16E-06 1.44E-08 1.30E-07 1.99E-04 4.79E-04 5.82E-04 1.63E-03 8.28E-05 1.41E-03 2.50E-02 3.62E-01 6.97E-05 1 3
  66 7.82035670E-02 5.000E+00 1.000E+06  3.55E+18  3.57E-03 6.00E-01 1.52E-06 1.14E-06 1.40E-08 1.37E-07 2.20E-04 5.23E-04 6.28E-04 1.73E-03 8.68E-05 1.48E-03 2.58E-02 3.69E-01 7.01E-05 1 3
  67 8.18841581E-02 5.000E+00 1.000E+06  3.39E+18  3.68E-03 5.92E-01 1.48E-06 1.11E-06 1.35E-08 1.45E-07 2.44E-04 5.72E-04 6.77E-04 1.84E-03 9.11E-05 1.54E-03 2.66E-02 3.76E-01 7.06E-05 1 3
  68 8.56796741E-02 5.000E+00 1.000E+06  3.23E+18  3.80E-03 5.84E-01 1.44E-06 1.09E-06 1.31E-08 1.55E-07 2.70E-04 6.25E-04 7.29E-04 1.96E-03 9.56E-05 1.61E-03 2.75E-02 3.83E-01 7.09E-05 1 3
  69 8.95960574E-02 5.000E+00 1.000E+06  3.08E+18  3.92E-03 5.76E-01 1.40E-06 1.06E-06 1.27E-08 1.66E-07 2.99E-04 6.82E-04 7.86E-04 2.08E-03 1.00E-04 1.68E-03 2.83E-02 3.90E-01 7.12E-05 1 3
  70 9.36395250E-02 5.000E+00 1.000E+06  2.93E+18  4.04E-03 5.68E-01 1.36E-06 1.04E-06 1.24E-08 1.79E-07 3.31E-04 7.45E-04 8.47E-04 2.21E-03 1.05E-04 1.75E-03 2.92E-02 3.97E-01 7.15E-05 1 3
  71 9.78166026E-02 5.000E+00 1.000E+06  2.79E+18  4.18E-03 5.60E-01 1.32E-06 1.02E-06 1.20E-08 1.93E-07 3.67E-04 8.14E-04 9.13E-04 2.35E-03 1.10E-04 1.82E-03 3.01E-02 4.03E-01 7.17E-05 1 3
  72 1.02134162E-01 5.000E+00 1.000E+06  2.66E+18  4.32E-03 5.53E-01 1.28E-06 9.94E-07 1.17E-08 2.10E-07 4.06E-04 8.89E-04 9.84E-04 2.50E-03 1.16E-04 1.89E-03 3.09E-02 4.09E-01 7.19E-05 1 3
  73 1.06599464E-01 5.000E+00 1.000E+06  2.53E+18  4.47E-03 5.45E-01 1.25E-06 9.74E-07 1.13E-08 2.29E-07 4.49E-04 9.71E-04 1.06E-03 2.66E-03 1.22E-04 1.97E-03 3.18E-02 4.16E-01 7.20E-05 1 3
  74 1.11220202E-01 5.000E+00 1.000E+06  2.41E+18  4.62E-03 5.38E-01 1.21E-06 9.54E-07 1.10E-08 2.50E-07 4.97E-04 1.06E-03 1.14E-03 2.83E-03 1.28E-04 2.05E-03 3.27E-02 4.22E-01 7.21E-05 1 3
  75 1.16004555E-01 5.000E+00 1.000E+06  2.30E+18  4.78E-03 5.31E-01 1.18E-06 9.34E-07 1.07E-08 2.74E-07 5.50E-04 1.16E-03 1.23E-03 3.01E-03 1.34E-04 2.13E-03 3.36E-02 4.28E-01 7.22E-05 1 3
  76 1.20961244E-01 5.000E+00 1.000E+06  2.18E+18  4.96E-03 5.23E-01 1.14E-06 9.16E-07 1.05E-08 3.01E-07 6.09E-04 1.27E-03 1.33E-03 3.20E-03 1.41E-04 2.21E-03 3.45E-02 4.33E-01 7.22E-05 1 3
  77 1.26099602E-01 5.000E+00 1.000E+06  2.08E+18  5.14E-03 5.16E-01 1.11E-06 8.99E-07 1.02E-08 3.31E-07 6.74E-04 1.38E-03 1.43E-03 3.40E-03 1.47E-04 2.30E-03 3.54E-02 4.39E-01 7.22E-05 1 3
  78 1.31429642E-01 5.000E+00 1.000E+06  1.97E+18  5.33E-03 5.09E-01 1.08E-06 8.82E-07 9.94E-09 3.66E-07 7.46E-04 1.51E-03 1.54E-03 3.61E-03 1.55E-04 2.39E-03 3.63E-02 4.44E-01 7.21E-05 1 3
  79 1.36962151E-01 5.000E+00 1.000E+06  1.87E+18  5.53E-03 5.02E-01 1.05E-06 8.67E-07 9.70E-09 4.05E-07 8.25E-04 1.65E-03 1.66E-03 3.84E-03 1.62E-04 2.48E-03 3.72E-02 4.50E-01 7.20E-05 1 3
  80 1.42708780E-01 5.000E+00 1.000E+06  1.78E+18  5.75E-03 4.95E-01 1.02E-06 8.52E-07 9.49E-09 4.48E-07 9.13E-04 1.80E-03 1.79E-03 4.08E-03 1.70E-04 2.57E-03 3.81E-02 4.55E-01 7.19E-05 1 3
  81 1.48682169E-01 5.000E+00 1.000E+06  1.69E+18  5.97E-03 4.89E-01 9.94E-07 8.39E-07 9.30E-09 4.97E-07 1.01E-03 1.96E-03 1.92E-03 4.34E-03 1.78E-04 2.67E-03 3.91E-02 4.60E-01 7.17E-05 1 3
  82 1.54896072E-01 5.000E+00 1.000E+06  1.60E+18  6.21E-03 4.82E-01 9.67E-07 8.27E-07 9.12E-09 5.52E-07 1.12E-03 2.14E-03 2.07E-03 4.61E-03 1.87E-04 2.76E-03 4.00E-02 4.65E-01 7.15E-05 1 3
  83 1.61365519E-01 5.000E+00 1.000E+06  1.51E+18  6.47E-03 4.76E-01 9.41E-07 8.17E-07 8.97E-09 6.14E-07 1.24E-03 2.34E-03 2.23E-03 4.90E-03 1.96E-04 2.87E-03 4.10E-02 4.70E-01 7.13E-05 1 3
  84 1.68107000E-01 5.000E+00 1.000E+06  1.43E+18  6.74E-03 4.69E-01 9.16E-07 8.08E-07 8.84E-09 6.84E-07 1.37E-03 2.55E-03 2.40E-03 5.20E-03 2.05E-04 2.97E-03 4.19E-02 4.74E-01 7.11E-05 1 3
  85 1.75138683E-01 5.000E+00 1.000E+06  1.35E+18  7.03E-03 4.63E-01 8.92E-07 8.01E-07 8.74E-09 7.62E-07 1.51E-03 2.78E-03 2.59E-03 5.53E-03 2.15E-04 3.08E-03 4.29E-02 4.79E-01 7.08E-05 1 3
  86 1.82480675E-01 5.000E+00 1.000E+06  1.28E+18  7.34E-03 4.56E-01 8.68E-07 7.96E-07 8.66E-09 8.49E-07 1.67E-03 3.04E-03 2.78E-03 5.87E-03 2.26E-04 3.18E-03 4.38E-02 4.83E-01 7.05E-05 1 3
  87 1.90155338E-01 5.000E+00 1.000E+06  1.21E+18  7.67E-03 4.50E-01 8.46E-07 7.93E-07 8.61E-09 9.48E-07 1.85E-03 3.31E-03 3.00E-03 6.23E-03 2.36E-04 3.30E-03 4.48E-02 4.87E-01 7.01E-05 1 3
  88 1.98187664E-01 5.000E+00 1.000E+06  1.13E+18  8.03E-03 4.44E-01 8.25E-07 7.92E-07 8.60E-09 1.06E-06 2.04E-03 3.61E-03 3.22E-03 6.61E-03 2.48E-04 3.41E-03 4.57E-02 4.91E-01 6.98E-05 1 3
  89 2.06605736E-01 5.000E+00 1.000E+06  1.07E+18  8.42E-03 4.38E-01 8.05E-07 7.94E-07 8.62E-09 1.18E-06 2.26E-03 3.94E-03 3.47E-03 7.02E-03 2.59E-04 3.53E-03 4.67E-02 4.95E-01 6.94E-05 1 3
  90 2.15441297E-01 5.000E+00 1.000E+06  1.00E+18  8.84E-03 4.32E-01 7.86E-07 7.98E-07 8.68E-09 1.32E-06 2.50E-03 4.29E-03 3.73E-03 7.45E-03 2.71E-04 3.65E-03 4.77E-02 4.98E-01 6.89E-05 1 3
  91 2.24730443E-01 5.000E+00 1.000E+06  9.38E+17  9.29E-03 4.26E-01 7.69E-07 8.07E-07 8.78E-09 1.47E-06 2.76E-03 4.68E-03 4.01E-03 7.90E-03 2.84E-04 3.77E-03 4.87E-02 5.02E-01 6.85E-05 1 3
  92 2.34514499E-01 5.000E+00 1.000E+06  8.77E+17  9.78E-03 4.20E-01 7.52E-07 8.19E-07 8.93E-09 1.65E-06 3.05E-03 5.10E-03 4.31E-03 8.38E-03 2.97E-04 3.90E-03 4.96E-02 5.05E-01 6.80E-05 1 3
  93 2.44841114E-01 5.000E+00 1.000E+06  8.18E+17  1.03E-02 4.15E-01 7.37E-07 8.35E-07 9.13E-09 1.84E-06 3.37E-03 5.56E-03 4.63E-03 8.89E-03 3.11E-04 4.03E-03 5.06E-02 5.08E-01 6.75E-05 1 3
  94 2.55765665E-01 5.000E+00 1.000E+06  7.61E+17  1.09E-02 4.09E-01 7.24E-07 8.56E-07 9.38E-09 2.06E-06 3.72E-03 6.05E-03 4.98E-03 9.42E-03 3.25E-04 4.16E-03 5.16E-02 5.11E-01 6.70E-05 1 3
  95 2.67353054E-01 5.000E+00 1.000E+06  7.05E+17  1.16E-02 4.03E-01 7.12E-07 8.82E-07 9.71E-09 2.30E-06 4.10E-03 6.59E-03 5.35E-03 9.98E-03 3.40E-04 4.29E-03 5.25E-02 5.13E-01 6.64E-05 1 3
  96 2.79680067E-01 5.000E+00 1.000E+06  6.52E+17  1.23E-02 3.98E-01 7.01E-07 9.15E-07 1.01E-08 2.57E-06 4.52E-03 7.17E-03 5.74E-03 1.06E-02 3.55E-04 4.43E-03 5.35E-02 5.16E-01 6.58E-05 1 3
  97 2.91441109E-01 5.000E+00 1.000E+06  6.04E+17  1.18E-02 3.93E-01 6.94E-07 9.50E-07 1.05E-08 2.83E-06 4.94E-03 7.74E-03 6.12E-03 1.11E-02 3.69E-04 4.55E-03 5.43E-02 5.18E-01 6.53E-05 1 3
  98 3.03884264E-01 5.000E+00 1.000E+06  5.59E+17  1.24E-02 3.88E-01 6.88E-07 9.91E-07 1.10E-08 3.13E-06 5.39E-03 8.34E-03 6.52E-03 1.17E-02 3.84E-04 4.68E-03 5.52E-02 5.20E-01 6.47E-05 1 3
  99 3.17130427E-01 5.000E+00 1.000E+06  5.15E+17  1.32E-02 3.83E-01 6.84E-07 1.04E-06 1.16E-08 3.45E-06 5.88E-03 8.99E-03 6.94E-03 1.23E-02 3.99E-04 4.80E-03 5.60E-02 5.21E-01 6.42E-05 1 3
 100 3.31304988E-01 5.000E+00 1.000E+06  4.72E+17  1.42E-02 3.79E-01 6.81E-07 1.09E-06 1.22E-08 3.80E-06 6.41E-03 9.68E-03 7.38E-03 1.30E-02 4.15E-04 4.93E-03 5.68E-02 5.23E-01 6.36E-05 1 3
 101 3.46546882E-01 5.000E+00 1.000E+06  4.30E+17  1.52E-02 3.74E-01 6.81E-07 1.16E-06 1.29E-08 4.19E-06 6.98E-03 1.04E-02 7.85E-03 1.36E-02 4.30E-04 5.06E-03 5.77E-02 5.24E-01 6.30E-05 1 3
 102 3.63027227E-01 5.000E+00 1.000E+06  3.90E+17  1.65E-02 3.70E-01 6.83E-07 1.23E-06 1.38E-08 4.61E-06 7.60E-03 1.12E-02 8.34E-03 1.43E-02 4.47E-04 5.19E-03 5.84E-02 5.25E-01 6.23E-05 1 3
 103 3.80961846E-01 5.000E+00 1.000E+06  3.50E+17  1.79E-02 3.65E-01 6.88E-07 1.31E-06 1.47E-08 5.08E-06 8.27E-03 1.20E-02 8.86E-03 1.50E-02 4.63E-04 5.32E-03 5.92E-02 5.26E-01 6.17E-05 1 3
 104 4.00628398E-01 5.000E+00 1.000E+06  3.12E+17  1.97E-02 3.61E-01 6.95E-07 1.41E-06 1.57E-08 5.58E-06 8.99E-03 1.29E-02 9.41E-03 1.57E-02 4.80E-04 5.46E-03 6.00E-02 5.26E-01 6.10E-05 1 3
 105 4.22391951E-01 5.000E+00 1.000E+06  2.75E+17  2.18E-02 3.57E-01 7.05E-07 1.51E-06 1.69E-08 6.13E-06 9.76E-03 1.39E-02 9.98E-03 1.65E-02 4.97E-04 5.59E-03 6.07E-02 5.26E-01 6.04E-05 1 3
 106 4.46744774E-01 5.000E+00 1.000E+06  2.39E+17  2.44E-02 3.52E-01 7.18E-07 1.63E-06 1.82E-08 6.72E-06 1.06E-02 1.49E-02 1.06E-02 1.73E-02 5.15E-04 5.72E-03 6.14E-02 5.27E-01 5.97E-05 1 3
 107 4.74370824E-01 5.000E+00 1.000E+06  2.04E+17  2.76E-02 3.48E-01 7.35E-07 1.76E-06 1.96E-08 7.36E-06 1.15E-02 1.59E-02 1.12E-02 1.81E-02 5.33E-04 5.85E-03 6.21E-02 5.26E-01 5.90E-05 1 3
 108 5.06255258E-01 5.000E+00 1.000E+06  1.70E+17  3.19E-02 3.44E-01 7.55E-07 1.90E-06 2.11E-08 8.04E-06 1.24E-02 1.70E-02 1.18E-02 1.89E-02 5.50E-04 5.98E-03 6.28E-02 5.26E-01 5.83E-05 1 3
 109 5.43881198E-01 5.000E+00 1.000E+06  1.38E+17  3.76E-02 3.41E-01 7.77E-07 2.05E-06 2.27E-08 8.76E-06 1.33E-02 1.81E-02 1.25E-02 1.97E-02 5.68E-04 6.10E-03 6.34E-02 5.25E-01 5.76E-05 1 3
 110 5.89608627E-01 5.000E+00 1.000E+06  1.07E+17  4.57E-02 3.37E-01 8.03E-07 2.22E-06 2.44E-08 9.51E-06 1.43E-02 1.93E-02 1.31E-02 2.05E-02 5.85E-04 6.22E-03 6.40E-02 5.25E-01 5.69E-05 1 3
 111 6.47470218E-01 5.000E+00 1.000E+06  7.87E+16  5.79E-02 3.34E-01 8.32E-07 2.39E-06 2.62E-08 1.03E-05 1.53E-02 2.04E-02 1.38E-02 2.13E-02 6.02E-04 6.33E-03 6.45E-02 5.24E-01 5.63E-05 1 3
 112 7.25040793E-01 5.000E+00 1.000E+06  5.30E+16  7.76E-02 3.31E-01 8.61E-07 2.56E-06 2.80E-08 1.10E-05 1.63E-02 2.15E-02 1.44E-02 2.20E-02 6.17E-04 6.44E-03 6.50E-02 5.23E-01 5.57E-05 1 3
 113 8.38535488E-01 5.000E+00 1.000E+06  3.09E+16  1.13E-01 3.28E-01 8.90E-07 2.73E-06 2.97E-08 1.17E-05 1.72E-02 2.25E-02 1.49E-02 2.27E-02 6.31E-04 6.53E-03 6.54E-02 5.22E-01 5.51E-05 1 3
 114 1.02877399E+00 5.000E+00 1.000E+06  1.41E+16  1.90E-01 3.26E-01 9.14E-07 2.86E-06 3.10E-08 1.23E-05 1.79E-02 2.33E-02 1.54E-02 2.32E-02 6.41E-04 6.60E-03 6.57E-02 5.21E-01 5.47E-05 1 3
 115 1.40925100E+00 5.000E+00 1.000E+06  4.15E+15  3.80E-01 3.25E-01 9.29E-07 2.94E-06 3.19E-08 1.26E-05 1.84E-02 2.38E-02 1.56E-02 2.35E-02 6.48E-04 6.64E-03 6.58E-02 5.21E-01 5.44E-05 1 3
 116 2.17020502E+00 5.000E+00 1.000E+06  7.24E+14  7.61E-01 3.24E-01 9.35E-07 2.97E-06 3.22E-08 1.28E-05 1.85E-02 2.40E-02 1.57E-02 2.37E-02 6.50E-04 6.65E-03 6.59E-02 5.20E-01 5.44E-05 1 3
 117 3.69211305E+00 5.000E+00 1.000E+06  6.99E+13  1.52E+00 3.24E-01 9.36E-07 2.98E-06 3.22E-08 1.28E-05 1.86E-02 2.40E-02 1.57E-02 2.37E-02 6.50E-04 6.66E-03 6.59E-02 5.20E-01 5.43E-05 1 2
 118 6.73592912E+00 5.000E+00 1.000E+06  3.59E+12  3.04E+00 3.24E-01 9.36E-07 2.98E-06 3.22E-08 1.28E-05 1.86E-02 2.40E-02 1.57E-02 2.37E-02 6.50E-04 6.66E-03 6.59E-02 5.20E-01 5.43E-05 1 2
 119 1.28235612E+01 5.000E+00 1.000E+06  9.75E+10  6.09E+00 3.24E-01 9.36E-07 2.98E-06 3.22E-08 1.28E-05 1.86E-02 2.40E-02 1.57E-02 2.37E-02 6.50E-04 6.66E-03 6.59E-02 5.20E-01 5.43E-05 1 1
 120 2.49988255E+01 5.000E+00 1.000E+06  2.25E+09  1.22E+01 3.24E-01 9.36E-07 2.98E-06 3.22E-08 1.28E-05 1.86E-02 2.40E-02 1.57E-02 2.37E-02 6.50E-04 6.66E-03 6.59E-02 5.20E-01 5.43E-05 1 1
 121 4.93493540E+01 5.000E+00 1.000E+06  1.37E+09  2.44E+01 3.24E-01 9.36E-07 2.98E-06 3.22E-08 1.28E-05 1.86E-02 2.40E-02 1.57E-02 2.37E-02 6.50E-04 6.66E-03 6.59E-02 5.20E-01 5.43E-05 1 1
 122 9.80504111E+01 5.000E+00 1.000E+06  1.37E+09  4.87E+01 3.24E-01 9.36E-07 2.98E-06 3.22E-08 1.28E-05 1.86E-02 2.40E-02 1.57E-02 2.37E-02 6.50E-04 6.66E-03 6.59E-02 5.20E-01 5.43E-05 1 1
 123 1.00000000E+02 5.000E+00 1.000E+06 -3.85E+08  1.95E+00 3.24E-01 9.36E-07 2.98E-06 3.22E-08 1.28E-05 1.86E-02 2.40E-02 1.57E-02 2.37E-02 6.50E-04 6.66E-03 6.59E-02 5.20E-01 5.43E-05 1 1
