Describe your problem here.                                                     
These three lines are preserved in the output.                                  
Must be three lines, even if blank.                                             
../test/Data_alpha                                                              
 Match          17
Start     1 T9= 5.000 Rho= 1.000E+06
../test/Data_alpha/ab_he                                                        
Pure He                                                                         
   he4 2.500E-01   c12 0.000E+00   o16 0.000E+00  ne20 0.000E+00  mg24 0.000E+00
  si28 0.000E+00   s32 0.000E+00  ar36 0.000E+00  ca40 0.000E+00  ti44 0.000E+00
  cr48 0.000E+00  fe52 0.000E+00  ni56 0.000E+00  zn60 0.000E+00
Flat Profile at 5 GK                                                            
ev1    3 1.000E+02 5.000E+00 1.000E+06 0.000E+00 1.000E+02
YMom 2.50000E-01 4.00000E+00 2.00000E+00 4.00000E+00 2.98970E+00 5.00000E-01
YMom 2.50000E-01 4.00000E+00 2.00000E+00 4.00000E+00 2.98970E+00 5.00000E-01
  Bahcall SCRN 5.00000E+00 1.00000E+06 5.00000E-01 4.00000E+00 2.00000E+00 9.40810E-01 2.42521E+00 6.44388E-04 3.61051E-03
tdel    1  3.1358E-04  3.1358E-02  0.0000E+00  1.0000E-02  0.0000E+00  3.1358E-04    1
 ITC   he4  0.250000000000000       0.000000000000000E+000
  3.135819506155429E-004
T9del    1  3.1358E-04  0.0000E+00
 TDel  3.135819506155429E-004  3.135819506155429E-004
YMom 2.50000E-01 4.00000E+00 2.00000E+00 4.00000E+00 2.98970E+00 5.00000E-01
YMom 2.50000E-01 4.00000E+00 2.00000E+00 4.00000E+00 2.98970E+00 5.00000E-01
  Bahcall SCRN 5.00000E+00 1.00000E+06 5.00000E-01 4.00000E+00 2.00000E+00 9.40810E-01 2.42521E+00 6.44388E-04 3.61051E-03
Conv    1    3 -1.1102E-16  5.1303E-07  1.0000E-04
TS Success    1  1  3
    1 3.1358195E-04 3.1358195E-04 5.0000000E+00 1.0000000E+06 5.0000000E-01
tdel    2  3.1358E-05  3.1358E-05  3.1358E-04  1.0000E+02  6.2716E-04  0.0000E+00    2
 ITC   c12  3.652317374824066E-007  3.135819506155429E-004
  3.135819506155430E-005
T9del    2  3.1358E-05  0.0000E+00
 TDel  3.449401456770972E-004  3.135819506155430E-005
YMom 2.49178E-01 4.01319E+00 2.00660E+00 4.18754E+00 3.03649E+00 5.00000E-01
YMom 2.49178E-01 4.01319E+00 2.00660E+00 4.18754E+00 3.03649E+00 5.00000E-01
  Bahcall SCRN 5.00000E+00 1.00000E+06 5.00000E-01 4.18754E+00 2.00660E+00 9.40810E-01 2.46482E+00 6.53838E-04 3.61051E-03
Conv    2    3 -3.3307E-16  1.7285E-12  1.0000E-04
TS Success    2  1  3
    2 3.4494015E-04 3.1358195E-05 5.0000000E+00 1.0000000E+06 5.0000000E-01
tdel    3  3.1689E-05  3.1689E-05  3.1358E-05  1.0000E+02  6.2716E-05  0.0000E+00   13
 ITC  ni56  4.858688329139960E-005  3.449401456770972E-004
  3.168945625819090E-005
T9del    3  3.1689E-05  0.0000E+00
 TDel  3.766296019352881E-004  3.168945625819090E-005
YMom 2.49094E-01 4.01455E+00 2.00727E+00 4.20709E+00 3.04134E+00 5.00000E-01
YMom 2.49094E-01 4.01455E+00 2.00727E+00 4.20709E+00 3.04134E+00 5.00000E-01
  Bahcall SCRN 5.00000E+00 1.00000E+06 5.00000E-01 4.20709E+00 2.00727E+00 9.40810E-01 2.46892E+00 6.54813E-04 3.61051E-03
Conv    3    3 -2.2204E-16  9.1933E-13  1.0000E-04
TS Success    3  1  3
    3 3.7662960E-04 3.1689456E-05 5.0000000E+00 1.0000000E+06 5.0000000E-01
tdel    4  3.2521E-05  3.2521E-05  3.1689E-05  1.0000E+02  6.3379E-05  0.0000E+00   13
T9del    4  3.2521E-05  0.0000E+00
 TDel  4.091501593925596E-004  3.252055745727149E-005
YMom 2.49008E-01 4.01594E+00 2.00797E+00 4.22737E+00 3.04635E+00 5.00000E-01
YMom 2.49008E-01 4.01594E+00 2.00797E+00 4.22737E+00 3.04635E+00 5.00000E-01
  Bahcall SCRN 5.00000E+00 1.00000E+06 5.00000E-01 4.22737E+00 2.00797E+00 9.40810E-01 2.47315E+00 6.55822E-04 3.61051E-03
Conv    4    3  0.0000E+00  4.7712E-13  1.0000E-04
TS Success    4  1  3
    4 4.0915016E-04 3.2520557E-05 5.0000000E+00 1.0000000E+06 5.0000000E-01
tdel    5  3.3859E-05  3.3859E-05  3.2521E-05  1.0000E+02  6.5041E-05  0.0000E+00   13
T9del    5  3.3859E-05  0.0000E+00
 TDel  4.430093058534052E-004  3.385914646084559E-005
YMom 2.48918E-01 4.01738E+00 2.00869E+00 4.24857E+00 3.05158E+00 5.00000E-01
YMom 2.48918E-01 4.01738E+00 2.00869E+00 4.24857E+00 3.05158E+00 5.00000E-01
  Bahcall SCRN 5.00000E+00 1.00000E+06 5.00000E-01 4.24857E+00 2.00869E+00 9.40810E-01 2.47757E+00 6.56876E-04 3.61051E-03
Conv    5    3 -3.3307E-16  3.5003E-13  1.0000E-04
TS Success    5  1  3
    5 4.4300931E-04 3.3859146E-05 5.0000000E+00 1.0000000E+06 5.0000000E-01
tdel    6  3.5698E-05  3.5698E-05  3.3859E-05  1.0000E+02  6.7718E-05  0.0000E+00   13
T9del    6  3.5698E-05  0.0000E+00
 TDel  4.787075308680910E-004  3.569822501468571E-005
YMom 2.48824E-01 4.01890E+00 2.00945E+00 4.27095E+00 3.05708E+00 5.00000E-01
YMom 2.48824E-01 4.01890E+00 2.00945E+00 4.27095E+00 3.05708E+00 5.00000E-01
  Bahcall SCRN 5.00000E+00 1.00000E+06 5.00000E-01 4.27095E+00 2.00945E+00 9.40810E-01 2.48223E+00 6.57986E-04 3.61051E-03
Conv    6    3 -1.1102E-16  1.8378E-13  1.0000E-04
TS Success    6  1  3
    6 4.7870753E-04 3.5698225E-05 5.0000000E+00 1.0000000E+06 5.0000000E-01
tdel    7  3.8032E-05  3.8032E-05  3.5698E-05  1.0000E+02  7.1396E-05  0.0000E+00   13
T9del    7  3.8032E-05  0.0000E+00
 TDel  5.167397175228864E-004  3.803218665479540E-005
YMom 2.48725E-01 4.02051E+00 2.01025E+00 4.29477E+00 3.06292E+00 5.00000E-01
YMom 2.48725E-01 4.02051E+00 2.01025E+00 4.29477E+00 3.06292E+00 5.00000E-01
  Bahcall SCRN 5.00000E+00 1.00000E+06 5.00000E-01 4.29477E+00 2.01025E+00 9.40810E-01 2.48718E+00 6.59166E-04 3.61051E-03
Conv    7    2 -2.2204E-16  9.7226E-05  1.0000E-04
TS Success    7  1  2
    7 5.1673972E-04 3.8032187E-05 5.0000000E+00 1.0000000E+06 5.0000000E-01
tdel    8  4.0865E-05  4.0865E-05  3.8032E-05  9.9999E+01  7.6064E-05  0.0000E+00   13
T9del    8  4.0865E-05  0.0000E+00
 TDel  5.576042330149571E-004  4.086451549207073E-005
YMom 2.48618E-01 4.02223E+00 2.01111E+00 4.32034E+00 3.06919E+00 5.00000E-01
YMom 2.48618E-01 4.02223E+00 2.01111E+00 4.32034E+00 3.06919E+00 5.00000E-01
  Bahcall SCRN 5.00000E+00 1.00000E+06 5.00000E-01 4.32034E+00 2.01111E+00 9.40810E-01 2.49247E+00 6.60428E-04 3.61051E-03
Conv    8    2 -2.2204E-16  9.1850E-05  1.0000E-04
TS Success    8  1  2
    8 5.5760423E-04 4.0864515E-05 5.0000000E+00 1.0000000E+06 5.0000000E-01
tdel    9  4.4208E-05  4.4208E-05  4.0865E-05  9.9999E+01  8.1729E-05  0.0000E+00   13
T9del    9  4.4208E-05  0.0000E+00
 TDel  6.018119485702324E-004  4.420771555527523E-005
YMom 2.48504E-01 4.02408E+00 2.01204E+00 4.34793E+00 3.07595E+00 5.00000E-01
YMom 2.48504E-01 4.02408E+00 2.01204E+00 4.34793E+00 3.07595E+00 5.00000E-01
  Bahcall SCRN 5.00000E+00 1.00000E+06 5.00000E-01 4.34793E+00 2.01204E+00 9.40810E-01 2.49818E+00 6.61787E-04 3.61051E-03
Conv    9    2 -2.2204E-16  8.9748E-05  1.0000E-04
TS Success    9  1  2
    9 6.0181195E-04 4.4207716E-05 5.0000000E+00 1.0000000E+06 5.0000000E-01
tdel   10  4.8082E-05  4.8082E-05  4.4208E-05  9.9999E+01  8.8415E-05  0.0000E+00   13
T9del   10  4.8082E-05  0.0000E+00
 TDel  6.498935842766771E-004  4.808163570644473E-005
YMom 2.48380E-01 4.02609E+00 2.01304E+00 4.37787E+00 3.08327E+00 5.00000E-01
YMom 2.48380E-01 4.02609E+00 2.01304E+00 4.37787E+00 3.08327E+00 5.00000E-01
  Bahcall SCRN 5.00000E+00 1.00000E+06 5.00000E-01 4.37787E+00 2.01304E+00 9.40810E-01 2.50435E+00 6.63257E-04 3.61051E-03
Conv   10    2 -1.1102E-16  9.0546E-05  1.0000E-04
TS Success   10  1  2
   10 6.4989358E-04 4.8081636E-05 5.0000000E+00 1.0000000E+06 5.0000000E-01
tdel   11  5.2512E-05  5.2512E-05  4.8082E-05  9.9999E+01  9.6163E-05  0.0000E+00   13
T9del   11  5.2512E-05  0.0000E+00
 TDel  7.024056901162416E-004  5.251210583956459E-005
YMom 2.48245E-01 4.02827E+00 2.01414E+00 4.41050E+00 3.09125E+00 5.00000E-01
YMom 2.48245E-01 4.02827E+00 2.01414E+00 4.41050E+00 3.09125E+00 5.00000E-01
  Bahcall SCRN 5.00000E+00 1.00000E+06 5.00000E-01 4.41050E+00 2.01414E+00 9.40810E-01 2.51106E+00 6.64854E-04 3.61051E-03
Conv   11    2 -2.2204E-16  9.4511E-05  1.0000E-04
TS Success   11  1  2
   11 7.0240569E-04 5.2512106E-05 5.0000000E+00 1.0000000E+06 5.0000000E-01
tdel   12  5.7530E-05  5.7530E-05  5.2512E-05  9.9999E+01  1.0502E-04  0.0000E+00   13
T9del   12  5.7530E-05  0.0000E+00
 TDel  7.599361014865038E-004  5.753041137026219E-005
YMom 2.48098E-01 4.03066E+00 2.01533E+00 4.44615E+00 3.09998E+00 5.00000E-01
YMom 2.48098E-01 4.03066E+00 2.01533E+00 4.44615E+00 3.09998E+00 5.00000E-01
  Bahcall SCRN 5.00000E+00 1.00000E+06 5.00000E-01 4.44615E+00 2.01533E+00 9.40810E-01 2.51837E+00 6.66593E-04 3.61051E-03
Conv   12    3 -2.2204E-16  2.5805E-13  1.0000E-04
TS Success   12  1  3
   12 7.5993610E-04 5.7530411E-05 5.0000000E+00 1.0000000E+06 5.0000000E-01
tdel   13  6.3174E-05  6.3174E-05  5.7530E-05  9.9999E+01  1.1506E-04  0.0000E+00   13
T9del   13  6.3174E-05  0.0000E+00
 TDel  8.231097506775414E-004  6.317364919103768E-005
YMom 2.47937E-01 4.03328E+00 2.01664E+00 4.48522E+00 3.10953E+00 5.00000E-01
YMom 2.47937E-01 4.03328E+00 2.01664E+00 4.48522E+00 3.10953E+00 5.00000E-01
  Bahcall SCRN 5.00000E+00 1.00000E+06 5.00000E-01 4.48522E+00 2.01664E+00 9.40810E-01 2.52636E+00 6.68490E-04 3.61051E-03
Conv   13    3 -1.1102E-16  3.7302E-13  1.0000E-04
TS Success   13  1  3
   13 8.2310975E-04 6.3173649E-05 5.0000000E+00 1.0000000E+06 5.0000000E-01
tdel   14  6.9486E-05  6.9486E-05  6.3174E-05  9.9999E+01  1.2635E-04  0.0000E+00   13
T9del   14  6.9486E-05  0.0000E+00
 TDel  8.925955390845237E-004  6.948578840698229E-005
YMom 2.47761E-01 4.03614E+00 2.01807E+00 4.52810E+00 3.12001E+00 5.00000E-01
YMom 2.47761E-01 4.03614E+00 2.01807E+00 4.52810E+00 3.12001E+00 5.00000E-01
  Bahcall SCRN 5.00000E+00 1.00000E+06 5.00000E-01 4.52810E+00 2.01807E+00 9.40810E-01 2.53510E+00 6.70564E-04 3.61051E-03
Conv   14    3 -2.2204E-16  6.7537E-13  1.0000E-04
TS Success   14  1  3
   14 8.9259554E-04 6.9485788E-05 5.0000000E+00 1.0000000E+06 5.0000000E-01
tdel   15  7.6519E-05  7.6519E-05  6.9486E-05  9.9999E+01  1.3897E-04  0.0000E+00   13
T9del   15  7.6519E-05  0.0000E+00
 TDel  9.691146889732662E-004  7.651914988874252E-005
YMom 2.47568E-01 4.03930E+00 2.01965E+00 4.57523E+00 3.13154E+00 5.00000E-01
YMom 2.47568E-01 4.03930E+00 2.01965E+00 4.57523E+00 3.13154E+00 5.00000E-01
  Bahcall SCRN 5.00000E+00 1.00000E+06 5.00000E-01 4.57523E+00 2.01965E+00 9.40810E-01 2.54467E+00 6.72833E-04 3.61051E-03
Conv   15    3 -4.4409E-16  7.4170E-13  1.0000E-04
TS Success   15  1  3
   15 9.6911469E-04 7.6519150E-05 5.0000000E+00 1.0000000E+06 5.0000000E-01
tdel   16  8.4336E-05  8.4336E-05  7.6519E-05  9.9999E+01  1.5304E-04  0.0000E+00   13
T9del   16  8.4336E-05  0.0000E+00
 TDel  1.053450696989859E-003  8.433600801659276E-005
YMom 2.47355E-01 4.04276E+00 2.02138E+00 4.62708E+00 3.14421E+00 5.00000E-01
YMom 2.47355E-01 4.04276E+00 2.02138E+00 4.62708E+00 3.14421E+00 5.00000E-01
  Bahcall SCRN 5.00000E+00 1.00000E+06 5.00000E-01 4.62708E+00 2.02138E+00 9.40810E-01 2.55515E+00 6.75315E-04 3.61051E-03
Conv   16    3 -3.3307E-16  4.4300E-13  1.0000E-04
TS Success   16  1  3
   16 1.0534507E-03 8.4336008E-05 5.0000000E+00 1.0000000E+06 5.0000000E-01
tdel   17  9.3010E-05  9.3010E-05  8.4336E-05  9.9999E+01  1.6867E-04  0.0000E+00   13
T9del   17  9.3010E-05  0.0000E+00
 TDel  1.146460798117140E-003  9.301010112728120E-005
YMom 2.47122E-01 4.04658E+00 2.02329E+00 4.68414E+00 3.15816E+00 5.00000E-01
YMom 2.47122E-01 4.04658E+00 2.02329E+00 4.68414E+00 3.15816E+00 5.00000E-01
  Bahcall SCRN 5.00000E+00 1.00000E+06 5.00000E-01 4.68414E+00 2.02329E+00 9.40810E-01 2.56665E+00 6.78033E-04 3.61051E-03
Conv   17    3 -3.3307E-16  1.0140E-12  1.0000E-04
TS Success   17  1  3
   17 1.1464608E-03 9.3010101E-05 5.0000000E+00 1.0000000E+06 5.0000000E-01
tdel   18  1.0263E-04  1.0263E-04  9.3010E-05  9.9999E+01  1.8602E-04  0.0000E+00   13
T9del   18  1.0263E-04  0.0000E+00
 TDel  1.249088774338840E-003  1.026279762216996E-004
YMom 2.46866E-01 4.05078E+00 2.02539E+00 4.74698E+00 3.17352E+00 5.00000E-01
YMom 2.46866E-01 4.05078E+00 2.02539E+00 4.74698E+00 3.17352E+00 5.00000E-01
  Bahcall SCRN 5.00000E+00 1.00000E+06 5.00000E-01 4.74698E+00 2.02539E+00 9.40810E-01 2.57924E+00 6.81007E-04 3.61051E-03
Conv   18    3 -3.3307E-16  6.2097E-13  1.0000E-04
TS Success   18  1  3
   18 1.2490888E-03 1.0262798E-04 5.0000000E+00 1.0000000E+06 5.0000000E-01
tdel   19  1.1329E-04  1.1329E-04  1.0263E-04  9.9999E+01  2.0526E-04  0.0000E+00   13
T9del   19  1.1329E-04  0.0000E+00
 TDel  1.362379004905642E-003  1.132902305668025E-004
YMom 2.46584E-01 4.05541E+00 2.02771E+00 4.81620E+00 3.19045E+00 5.00000E-01
YMom 2.46584E-01 4.05541E+00 2.02771E+00 4.81620E+00 3.19045E+00 5.00000E-01
  Bahcall SCRN 5.00000E+00 1.00000E+06 5.00000E-01 4.81620E+00 2.02771E+00 9.40810E-01 2.59305E+00 6.84260E-04 3.61051E-03
Conv   19    3 -1.1102E-16  5.7241E-13  1.0000E-04
TS Success   19  1  3
   19 1.3623790E-03 1.1329023E-04 5.0000000E+00 1.0000000E+06 5.0000000E-01
tdel   20  1.2511E-04  1.2511E-04  1.1329E-04  9.9999E+01  2.2658E-04  0.0000E+00   13
T9del   20  1.2511E-04  0.0000E+00
 TDel  1.487491807079674E-003  1.251128021740315E-004
YMom 2.46274E-01 4.06051E+00 2.03026E+00 4.89246E+00 3.20909E+00 5.00000E-01
YMom 2.46274E-01 4.06051E+00 2.03026E+00 4.89246E+00 3.20909E+00 5.00000E-01
  Bahcall SCRN 5.00000E+00 1.00000E+06 5.00000E-01 4.89246E+00 2.03026E+00 9.40810E-01 2.60817E+00 6.87819E-04 3.61051E-03
Conv   20    3 -2.2204E-16  3.9534E-13  1.0000E-04
TS Success   20  1  3
   20 1.4874918E-03 1.2511280E-04 5.0000000E+00 1.0000000E+06 5.0000000E-01
tdel   21  1.3823E-04  1.3823E-04  1.2511E-04  9.9999E+01  2.5023E-04  0.0000E+00   13
T9del   21  1.3823E-04  0.0000E+00
 TDel  1.625720296505510E-003  1.382284894258362E-004
YMom 2.45934E-01 4.06614E+00 2.03307E+00 4.97652E+00 3.22964E+00 5.00000E-01
YMom 2.45934E-01 4.06614E+00 2.03307E+00 4.97652E+00 3.22964E+00 5.00000E-01
  Bahcall SCRN 5.00000E+00 1.00000E+06 5.00000E-01 4.97652E+00 2.03307E+00 9.40810E-01 2.62474E+00 6.91710E-04 3.61051E-03
Conv   21    3 -2.2204E-16  1.1372E-12  1.0000E-04
TS Success   21  1  3
   21 1.6257203E-03 1.3822849E-04 5.0000000E+00 1.0000000E+06 5.0000000E-01
tdel   22  1.5279E-04  1.5279E-04  1.3823E-04  9.9998E+01  2.7646E-04  0.0000E+00   13
T9del   22  1.5279E-04  0.0000E+00
 TDel  1.778509160038894E-003  1.527888635333836E-004
YMom 2.45560E-01 4.07233E+00 2.03617E+00 5.06917E+00 3.25229E+00 5.00000E-01
YMom 2.45560E-01 4.07233E+00 2.03617E+00 5.06917E+00 3.25229E+00 5.00000E-01
  Bahcall SCRN 5.00000E+00 1.00000E+06 5.00000E-01 5.06917E+00 2.03617E+00 9.40810E-01 2.64288E+00 6.95960E-04 3.61051E-03
Conv   22    3 -1.1102E-16  2.6667E-12  1.0000E-04
TS Success   22  1  3
   22 1.7785092E-03 1.5278886E-04 5.0000000E+00 1.0000000E+06 5.0000000E-01
tdel   23  1.6897E-04  1.6897E-04  1.5279E-04  9.9998E+01  3.0558E-04  0.0000E+00   13
T9del   23  1.6897E-04  0.0000E+00
 TDel  1.947475864603093E-003  1.689667045641996E-004
YMom 2.45148E-01 4.07916E+00 2.03958E+00 5.17132E+00 3.27727E+00 5.00000E-01
YMom 2.45148E-01 4.07916E+00 2.03958E+00 5.17132E+00 3.27727E+00 5.00000E-01
  Bahcall SCRN 5.00000E+00 1.00000E+06 5.00000E-01 5.17132E+00 2.03958E+00 9.40810E-01 2.66274E+00 7.00603E-04 3.61051E-03
Conv   23    3  0.0000E+00  4.4746E-12  1.0000E-04
TS Success   23  1  3
   23 1.9474759E-03 1.6896670E-04 5.0000000E+00 1.0000000E+06 5.0000000E-01
tdel   24  1.8696E-04  1.8696E-04  1.6897E-04  9.9998E+01  3.3793E-04  0.0000E+00   13
T9del   24  1.8696E-04  0.0000E+00
 TDel  2.134434931428083E-003  1.869590668249895E-004
YMom 2.44696E-01 4.08670E+00 2.04335E+00 5.28397E+00 3.30481E+00 5.00000E-01
YMom 2.44696E-01 4.08670E+00 2.04335E+00 5.28397E+00 3.30481E+00 5.00000E-01
  Bahcall SCRN 5.00000E+00 1.00000E+06 5.00000E-01 5.28397E+00 2.04335E+00 9.40810E-01 2.68447E+00 7.05669E-04 3.61051E-03
Conv   24    3  0.0000E+00  6.0558E-12  1.0000E-04
TS Success   24  1  3
   24 2.1344349E-03 1.8695907E-04 5.0000000E+00 1.0000000E+06 5.0000000E-01
tdel   25  2.0699E-04  2.0699E-04  1.8696E-04  9.9998E+01  3.7392E-04  0.0000E+00   13
T9del   25  2.0699E-04  0.0000E+00
 TDel  2.341426006530745E-003  2.069910751026624E-004
YMom 2.44200E-01 4.09501E+00 2.04751E+00 5.40823E+00 3.33519E+00 5.00000E-01
YMom 2.44200E-01 4.09501E+00 2.04751E+00 5.40823E+00 3.33519E+00 5.00000E-01
  Bahcall SCRN 5.00000E+00 1.00000E+06 5.00000E-01 5.40823E+00 2.04751E+00 9.40810E-01 2.70824E+00 7.11194E-04 3.61051E-03
Conv   25    3  2.2204E-16  1.2163E-11  1.0000E-04
TS Success   25  1  3
   25 2.3414260E-03 2.0699108E-04 5.0000000E+00 1.0000000E+06 5.0000000E-01
tdel   26  2.2932E-04  2.2932E-04  2.0699E-04  9.9998E+01  4.1398E-04  0.0000E+00   13
T9del   26  2.2932E-04  0.0000E+00
 TDel  2.570746578349889E-003  2.293205718191436E-004
YMom 2.43654E-01 4.10418E+00 2.05209E+00 5.54535E+00 3.36871E+00 5.00000E-01
YMom 2.43654E-01 4.10418E+00 2.05209E+00 5.54535E+00 3.36871E+00 5.00000E-01
  Bahcall SCRN 5.00000E+00 1.00000E+06 5.00000E-01 5.54535E+00 2.05209E+00 9.40810E-01 2.73422E+00 7.17215E-04 3.61051E-03
Conv   26    3  4.4409E-16  2.5447E-11  1.0000E-04
TS Success   26  1  3
   26 2.5707466E-03 2.2932057E-04 5.0000000E+00 1.0000000E+06 5.0000000E-01
tdel   27  2.5424E-04  2.5424E-04  2.2932E-04  9.9997E+01  4.5864E-04  0.0000E+00   13
T9del   27  2.5424E-04  0.0000E+00
 TDel  2.824990351727947E-003  2.542437733780586E-004
YMom 2.43054E-01 4.11430E+00 2.05715E+00 5.69669E+00 3.40571E+00 5.00000E-01
YMom 2.43054E-01 4.11430E+00 2.05715E+00 5.69669E+00 3.40571E+00 5.00000E-01
  Bahcall SCRN 5.00000E+00 1.00000E+06 5.00000E-01 5.69669E+00 2.05715E+00 9.40810E-01 2.76262E+00 7.23773E-04 3.61051E-03
Conv   27    3  2.2204E-16  4.3905E-11  1.0000E-04
TS Success   27  1  3
   27 2.8249904E-03 2.5424377E-04 5.0000000E+00 1.0000000E+06 5.0000000E-01
tdel   28  2.8210E-04  2.8210E-04  2.5424E-04  9.9997E+01  5.0849E-04  0.0000E+00   13
T9del   28  2.8210E-04  0.0000E+00
 TDel  3.107092500147139E-003  2.821021484191913E-004
YMom 2.42396E-01 4.12548E+00 2.06274E+00 5.86379E+00 3.44657E+00 5.00000E-01
YMom 2.42396E-01 4.12548E+00 2.06274E+00 5.86379E+00 3.44657E+00 5.00000E-01
  Bahcall SCRN 5.00000E+00 1.00000E+06 5.00000E-01 5.86379E+00 2.06274E+00 9.40810E-01 2.79364E+00 7.30907E-04 3.61051E-03
Conv   28    3  0.0000E+00  7.8670E-11  1.0000E-04
TS Success   28  1  3
   28 3.1070925E-03 2.8210215E-04 5.0000000E+00 1.0000000E+06 5.0000000E-01
tdel   29  3.1329E-04  3.1329E-04  2.8210E-04  9.9997E+01  5.6420E-04  0.0000E+00   13
T9del   29  3.1329E-04  0.0000E+00
 TDel  3.420383300694744E-003  3.132908005476053E-004
YMom 2.41673E-01 4.13783E+00 2.06891E+00 6.04836E+00 3.49169E+00 5.00000E-01
YMom 2.41673E-01 4.13783E+00 2.06891E+00 6.04836E+00 3.49169E+00 5.00000E-01
  Bahcall SCRN 5.00000E+00 1.00000E+06 5.00000E-01 6.04836E+00 2.06891E+00 9.40810E-01 2.82751E+00 7.38664E-04 3.61051E-03
Conv   29    3  4.4409E-16  1.3889E-10  1.0000E-04
TS Success   29  1  3
   29 3.4203833E-03 3.1329080E-04 5.0000000E+00 1.0000000E+06 5.0000000E-01
tdel   30  3.4827E-04  3.4827E-04  3.1329E-04  9.9997E+01  6.2658E-04  0.0000E+00   13
T9del   30  3.4827E-04  0.0000E+00
 TDel  3.768652026861153E-003  3.482687261664094E-004
YMom 2.40879E-01 4.15147E+00 2.07574E+00 6.25232E+00 3.54156E+00 5.00000E-01
YMom 2.40879E-01 4.15147E+00 2.07574E+00 6.25232E+00 3.54156E+00 5.00000E-01
  Bahcall SCRN 5.00000E+00 1.00000E+06 5.00000E-01 6.25232E+00 2.07574E+00 9.40810E-01 2.86447E+00 7.47089E-04 3.61051E-03
Conv   30    3  2.2204E-16  2.4198E-10  1.0000E-04
TS Success   30  1  3
   30 3.7686520E-03 3.4826873E-04 5.0000000E+00 1.0000000E+06 5.0000000E-01
tdel   31  3.8757E-04  3.8757E-04  3.4827E-04  9.9996E+01  6.9654E-04  0.0000E+00   13
T9del   31  3.8757E-04  0.0000E+00
 TDel  4.156223457514768E-003  3.875714306536147E-004
YMom 2.40007E-01 4.16655E+00 2.08328E+00 6.47779E+00 3.59669E+00 5.00000E-01
YMom 2.40007E-01 4.16655E+00 2.08328E+00 6.47779E+00 3.59669E+00 5.00000E-01
  Bahcall SCRN 5.00000E+00 1.00000E+06 5.00000E-01 6.47779E+00 2.08328E+00 9.40810E-01 2.90478E+00 7.56230E-04 3.61051E-03
Conv   31    3  4.4409E-16  4.2660E-10  1.0000E-04
TS Success   31  1  3
   31 4.1562235E-03 3.8757143E-04 5.0000000E+00 1.0000000E+06 5.0000000E-01
tdel   32  4.3183E-04  4.3183E-04  3.8757E-04  9.9996E+01  7.7514E-04  0.0000E+00   13
T9del   32  4.3183E-04  0.0000E+00
 TDel  4.588049990586878E-003  4.318265330721096E-004
YMom 2.39049E-01 4.18324E+00 2.09162E+00 6.72718E+00 3.65766E+00 5.00000E-01
YMom 2.39049E-01 4.18324E+00 2.09162E+00 6.72718E+00 3.65766E+00 5.00000E-01
  Bahcall SCRN 5.00000E+00 1.00000E+06 5.00000E-01 6.72718E+00 2.09162E+00 9.40810E-01 2.94873E+00 7.66139E-04 3.61051E-03
Conv   32    3 -1.1102E-16  7.4199E-10  1.0000E-04
TS Success   32  1  3
   32 4.5880500E-03 4.3182653E-04 5.0000000E+00 1.0000000E+06 5.0000000E-01
tdel   33  4.8177E-04  4.8177E-04  4.3183E-04  9.9995E+01  8.6365E-04  0.0000E+00   13
T9del   33  4.8177E-04  0.0000E+00
 TDel  5.069823175248940E-003  4.817731846620622E-004
YMom 2.37999E-01 4.20170E+00 2.10085E+00 7.00319E+00 3.72515E+00 5.00000E-01
YMom 2.37999E-01 4.20170E+00 2.10085E+00 7.00319E+00 3.72515E+00 5.00000E-01
  Bahcall SCRN 5.00000E+00 1.00000E+06 5.00000E-01 7.00319E+00 2.10085E+00 9.40810E-01 2.99661E+00 7.76867E-04 3.61051E-03
Conv   33    3  6.6613E-16  1.2950E-09  1.0000E-04
TS Success   33  1  3
   33 5.0698232E-03 4.8177318E-04 5.0000000E+00 1.0000000E+06 5.0000000E-01
tdel   34  5.3829E-04  5.3829E-04  4.8177E-04  9.9995E+01  9.6355E-04  0.0000E+00   13
T9del   34  5.3829E-04  0.0000E+00
 TDel  5.608109563890211E-003  5.382863886412710E-004
YMom 2.36846E-01 4.22215E+00 2.11107E+00 7.30883E+00 3.79988E+00 5.00000E-01
YMom 2.36846E-01 4.22215E+00 2.11107E+00 7.30883E+00 3.79988E+00 5.00000E-01
  Bahcall SCRN 5.00000E+00 1.00000E+06 5.00000E-01 7.30883E+00 2.11107E+00 9.40810E-01 3.04876E+00 7.88471E-04 3.61051E-03
Conv   34    3  1.5543E-15  2.2499E-09  1.0000E-04
TS Success   34  1  3
   34 5.6081096E-03 5.3828639E-04 5.0000000E+00 1.0000000E+06 5.0000000E-01
tdel   35  6.0241E-04  6.0241E-04  5.3829E-04  9.9994E+01  1.0766E-03  0.0000E+00   13
T9del   35  6.0241E-04  0.0000E+00
 TDel  6.210517229172674E-003  6.024076652824642E-004
YMom 2.35582E-01 4.24481E+00 2.12241E+00 7.64753E+00 3.88270E+00 5.00000E-01
YMom 2.35582E-01 4.24481E+00 2.12241E+00 7.64753E+00 3.88270E+00 5.00000E-01
  Bahcall SCRN 5.00000E+00 1.00000E+06 5.00000E-01 7.64753E+00 2.12241E+00 9.40810E-01 3.10553E+00 8.01005E-04 3.61051E-03
Conv   35    3  2.6645E-15  3.9017E-09  1.0000E-04
TS Success   35  1  3
   35 6.2105172E-03 6.0240767E-04 5.0000000E+00 1.0000000E+06 5.0000000E-01
tdel   36  6.7538E-04  6.7538E-04  6.0241E-04  9.9994E+01  1.2048E-03  0.0000E+00   13
T9del   36  6.7538E-04  0.0000E+00
 TDel  6.885901224570635E-003  6.753839953979611E-004
YMom 2.34195E-01 4.26994E+00 2.13497E+00 8.02314E+00 3.97454E+00 5.00000E-01
YMom 2.34195E-01 4.26994E+00 2.13497E+00 8.02314E+00 3.97454E+00 5.00000E-01
  Bahcall SCRN 5.00000E+00 1.00000E+06 5.00000E-01 8.02314E+00 2.13497E+00 9.40810E-01 3.16729E+00 8.14528E-04 3.61051E-03
Conv   36    3  2.4425E-15  6.7639E-09  1.0000E-04
TS Success   36  1  3
   36 6.8859012E-03 6.7538400E-04 5.0000000E+00 1.0000000E+06 5.0000000E-01
tdel   37  7.5872E-04  7.5872E-04  6.7538E-04  9.9993E+01  1.3508E-03  0.0000E+00   13
T9del   37  7.5872E-04  0.0000E+00
 TDel  7.644618877918670E-003  7.587176533480342E-004
YMom 2.32675E-01 4.29784E+00 2.14892E+00 8.44004E+00 4.07649E+00 5.00000E-01
YMom 2.32675E-01 4.29784E+00 2.14892E+00 8.44004E+00 4.07649E+00 5.00000E-01
  Bahcall SCRN 5.00000E+00 1.00000E+06 5.00000E-01 8.44004E+00 2.14892E+00 9.40810E-01 3.23446E+00 8.29099E-04 3.61051E-03
Conv   37    3  2.4425E-15  1.1722E-08  1.0000E-04
TS Success   37  1  3
   37 7.6446189E-03 7.5871765E-04 5.0000000E+00 1.0000000E+06 5.0000000E-01
tdel   38  8.5423E-04  8.5423E-04  7.5872E-04  9.9992E+01  1.5174E-03  0.0000E+00   13
T9del   38  8.5423E-04  0.0000E+00
 TDel  8.498849368049599E-003  8.542304901309298E-004
YMom 2.31009E-01 4.32883E+00 2.16442E+00 8.90318E+00 4.18974E+00 5.00000E-01
YMom 2.31009E-01 4.32883E+00 2.16442E+00 8.90318E+00 4.18974E+00 5.00000E-01
  Bahcall SCRN 5.00000E+00 1.00000E+06 5.00000E-01 8.90318E+00 2.16442E+00 9.40810E-01 3.30749E+00 8.44777E-04 3.61051E-03
Conv   38    3  3.7748E-15  2.0318E-08  1.0000E-04
TS Success   38  1  3
   38 8.4988494E-03 8.5423049E-04 5.0000000E+00 1.0000000E+06 5.0000000E-01
tdel   39  9.6415E-04  9.6415E-04  8.5423E-04  9.9992E+01  1.7085E-03  0.0000E+00   13
T9del   39  9.6415E-04  0.0000E+00
 TDel  9.462996939473235E-003  9.641475714236365E-004
YMom 2.29184E-01 4.36330E+00 2.18165E+00 9.41823E+00 4.31569E+00 5.00000E-01
YMom 2.29184E-01 4.36330E+00 2.18165E+00 9.41823E+00 4.31569E+00 5.00000E-01
  Bahcall SCRN 5.00000E+00 1.00000E+06 5.00000E-01 9.41823E+00 2.18165E+00 9.40810E-01 3.38685E+00 8.61623E-04 3.61051E-03
Conv   39    3  5.5511E-15  3.5250E-08  1.0000E-04
TS Success   39  1  3
   39 9.4629969E-03 9.6414757E-04 5.0000000E+00 1.0000000E+06 5.0000000E-01
tdel   40  1.0912E-03  1.0912E-03  9.6415E-04  9.9991E+01  1.9283E-03  0.0000E+00   13
T9del   40  1.0912E-03  0.0000E+00
 TDel  1.055420394087120E-002  1.091207001397966E-003
YMom 2.27186E-01 4.40168E+00 2.20084E+00 9.99166E+00 4.45592E+00 5.00000E-01
YMom 2.27186E-01 4.40168E+00 2.20084E+00 9.99166E+00 4.45592E+00 5.00000E-01
  Bahcall SCRN 5.00000E+00 1.00000E+06 5.00000E-01 9.99166E+00 2.20084E+00 9.40810E-01 3.47307E+00 8.79698E-04 3.61051E-03
Conv   40    3  4.8850E-15  6.1221E-08  1.0000E-04
TS Success   40  1  3
   40 1.0554204E-02 1.0912070E-03 5.0000000E+00 1.0000000E+06 5.0000000E-01
tdel   41  1.2388E-03  1.2388E-03  1.0912E-03  9.9989E+01  2.1824E-03  0.0000E+00   13
T9del   41  1.2388E-03  0.0000E+00
 TDel  1.179300949845227E-002  1.238805557581070E-003
YMom 2.24999E-01 4.44446E+00 2.22223E+00 1.06309E+01 4.61225E+00 5.00000E-01
YMom 2.24999E-01 4.44446E+00 2.22223E+00 1.06309E+01 4.61225E+00 5.00000E-01
  Bahcall SCRN 5.00000E+00 1.00000E+06 5.00000E-01 1.06309E+01 2.22223E+00 9.40810E-01 3.56673E+00 8.99061E-04 3.61051E-03
Conv   41    3  2.4425E-15  1.0651E-07  1.0000E-04
TS Success   41  1  3
   41 1.1793009E-02 1.2388056E-03 5.0000000E+00 1.0000000E+06 5.0000000E-01
tdel   42  1.4073E-03  1.4073E-03  1.2388E-03  9.9988E+01  2.4776E-03  0.0000E+00   12
 ITC  fe52  1.119905195698574E-004  1.179300949845227E-002
  1.407330713050706E-003
T9del   42  1.4073E-03  0.0000E+00
 TDel  1.320034021150298E-002  1.407330713050706E-003
YMom 2.22607E-01 4.49223E+00 2.24611E+00 1.13444E+01 4.78675E+00 5.00000E-01
YMom 2.22607E-01 4.49223E+00 2.24611E+00 1.13444E+01 4.78675E+00 5.00000E-01
  Bahcall SCRN 5.00000E+00 1.00000E+06 5.00000E-01 1.13444E+01 2.24611E+00 9.40810E-01 3.66845E+00 9.19774E-04 3.61051E-03
Conv   42    3  4.4409E-16  1.8306E-07  1.0000E-04
TS Success   42  1  3
   42 1.3200340E-02 1.4073307E-03 5.0000000E+00 1.0000000E+06 5.0000000E-01
tdel   43  1.5746E-03  1.5746E-03  1.4073E-03  9.9987E+01  2.8147E-03  0.0000E+00   12
T9del   43  1.5746E-03  0.0000E+00
 TDel  1.477493731123640E-002  1.574597099733420E-003
YMom 2.19998E-01 4.54550E+00 2.27275E+00 1.21400E+01 4.98134E+00 5.00000E-01
YMom 2.19998E-01 4.54550E+00 2.27275E+00 1.21400E+01 4.98134E+00 5.00000E-01
  Bahcall SCRN 5.00000E+00 1.00000E+06 5.00000E-01 1.21400E+01 2.27275E+00 9.40810E-01 3.77865E+00 9.41835E-04 3.61051E-03
Conv   43    3  1.5543E-15  2.8613E-07  1.0000E-04
TS Success   43  1  3
   43 1.4774937E-02 1.5745971E-03 5.0000000E+00 1.0000000E+06 5.0000000E-01
tdel   44  1.7643E-03  1.7643E-03  1.5746E-03  9.9985E+01  3.1492E-03  0.0000E+00   12
T9del   44  1.7643E-03  0.0000E+00
 TDel  1.653923512844464E-002  1.764297817208240E-003
YMom 2.17207E-01 4.60391E+00 2.30196E+00 1.30124E+01 5.19473E+00 5.00000E-01
YMom 2.17207E-01 4.60391E+00 2.30196E+00 1.30124E+01 5.19473E+00 5.00000E-01
  Bahcall SCRN 5.00000E+00 1.00000E+06 5.00000E-01 1.30124E+01 2.30196E+00 9.40810E-01 3.89591E+00 9.64881E-04 3.61051E-03
Conv   44    3 -2.2204E-16  4.4419E-07  1.0000E-04
TS Success   44  1  3
   44 1.6539235E-02 1.7642978E-03 5.0000000E+00 1.0000000E+06 5.0000000E-01
tdel   45  1.9797E-03  1.9797E-03  1.7643E-03  9.9983E+01  3.5286E-03  0.0000E+00   12
T9del   45  1.9797E-03  0.0000E+00
 TDel  1.851888808829835E-002  1.979652959853716E-003
YMom 2.14226E-01 4.66796E+00 2.33398E+00 1.39687E+01 5.42866E+00 5.00000E-01
YMom 2.14226E-01 4.66796E+00 2.33398E+00 1.39687E+01 5.42866E+00 5.00000E-01
  Bahcall SCRN 5.00000E+00 1.00000E+06 5.00000E-01 1.39687E+01 2.33398E+00 9.40810E-01 4.02051E+00 9.88888E-04 3.61051E-03
Conv   45    3 -3.3307E-15  6.8360E-07  1.0000E-04
TS Success   45  1  3
   45 1.8518888E-02 1.9796530E-03 5.0000000E+00 1.0000000E+06 5.0000000E-01
tdel   46  2.2250E-03  2.2250E-03  1.9797E-03  9.9981E+01  3.9593E-03  0.0000E+00   12
T9del   46  2.2250E-03  0.0000E+00
 TDel  2.074389532636605E-002  2.225007238067695E-003
YMom 2.11053E-01 4.73815E+00 2.36907E+00 1.50165E+01 5.68499E+00 5.00000E-01
YMom 2.11053E-01 4.73815E+00 2.36907E+00 1.50165E+01 5.68499E+00 5.00000E-01
  Bahcall SCRN 5.00000E+00 1.00000E+06 5.00000E-01 1.50165E+01 2.36907E+00 9.40810E-01 4.15275E+00 1.01382E-03 3.61051E-03
Conv   46    3 -7.8826E-15  1.0429E-06  1.0000E-04
TS Success   46  1  3
   46 2.0743895E-02 2.2250072E-03 5.0000000E+00 1.0000000E+06 5.0000000E-01
tdel   47  2.4535E-03  2.4535E-03  2.2250E-03  9.9979E+01  4.4500E-03  0.0000E+00    6
 ITC  si28  9.997068791069919E-007  2.074389532636605E-002
  2.453467611989596E-003
T9del   47  2.4535E-03  0.0000E+00
 TDel  2.319736293835564E-002  2.453467611989596E-003
YMom 2.07683E-01 4.81503E+00 2.40752E+00 1.61641E+01 5.96575E+00 5.00000E-01
YMom 2.07683E-01 4.81503E+00 2.40752E+00 1.61641E+01 5.96575E+00 5.00000E-01
  Bahcall SCRN 5.00000E+00 1.00000E+06 5.00000E-01 1.61641E+01 2.40752E+00 9.40810E-01 4.29291E+00 1.03964E-03 3.61051E-03
Conv   47    3 -1.4877E-14  1.4190E-06  1.0000E-04
TS Success   47  1  3
   47 2.3197363E-02 2.4534676E-03 5.0000000E+00 1.0000000E+06 5.0000000E-01
tdel   48  2.4766E-03  2.4766E-03  2.4535E-03  9.9977E+01  4.9069E-03  0.0000E+00    6
T9del   48  2.4766E-03  0.0000E+00
 TDel  2.567398805408682E-002  2.476625115731178E-003
YMom 2.04184E-01 4.89756E+00 2.44878E+00 1.73955E+01 6.26705E+00 5.00000E-01
YMom 2.04184E-01 4.89756E+00 2.44878E+00 1.73955E+01 6.26705E+00 5.00000E-01
  Bahcall SCRN 5.00000E+00 1.00000E+06 5.00000E-01 1.73955E+01 2.44878E+00 9.40810E-01 4.43839E+00 1.06577E-03 3.61051E-03
Conv   48    3 -1.4322E-14  1.2186E-06  1.0000E-04
TS Success   48  1  3
   48 2.5673988E-02 2.4766251E-03 5.0000000E+00 1.0000000E+06 5.0000000E-01
tdel   49  2.4995E-03  2.4995E-03  2.4766E-03  9.9974E+01  4.9533E-03  0.0000E+00    6
T9del   49  2.4995E-03  0.0000E+00
 TDel  2.817347253398022E-002  2.499484479893402E-003
YMom 2.00851E-01 4.97881E+00 2.48940E+00 1.86076E+01 6.56367E+00 5.00000E-01
YMom 2.00851E-01 4.97881E+00 2.48940E+00 1.86076E+01 6.56367E+00 5.00000E-01
  Bahcall SCRN 5.00000E+00 1.00000E+06 5.00000E-01 1.86076E+01 2.48940E+00 9.40810E-01 4.57708E+00 1.09007E-03 3.61051E-03
Conv   49    3 -8.7708E-15  1.0467E-06  1.0000E-04
TS Success   49  1  3
   49 2.8173473E-02 2.4994845E-03 5.0000000E+00 1.0000000E+06 5.0000000E-01
tdel   50  2.5185E-03  2.5185E-03  2.4995E-03  9.9972E+01  4.9990E-03  0.0000E+00    6
T9del   50  2.5185E-03  0.0000E+00
 TDel  3.069199118912611E-002  2.518518655145888E-003
YMom 1.97674E-01 5.05883E+00 2.52942E+00 1.98012E+01 6.85577E+00 5.00000E-01
YMom 1.97674E-01 5.05883E+00 2.52942E+00 1.98012E+01 6.85577E+00 5.00000E-01
  Bahcall SCRN 5.00000E+00 1.00000E+06 5.00000E-01 1.98012E+01 2.52942E+00 9.40810E-01 4.70966E+00 1.11274E-03 3.61051E-03
Conv   50    3 -8.7708E-15  8.9059E-07  1.0000E-04
TS Success   50  1  3
   50 3.0691991E-02 2.5185187E-03 5.0000000E+00 1.0000000E+06 5.0000000E-01
tdel   51  2.5439E-03  2.5439E-03  2.5185E-03  9.9969E+01  5.0370E-03  0.0000E+00    6
T9del   51  2.5439E-03  0.0000E+00
 TDel  3.323592505802558E-002  2.543933868899467E-003
YMom 1.94645E-01 5.13757E+00 2.56879E+00 2.09752E+01 7.14311E+00 5.00000E-01
YMom 1.94645E-01 5.13757E+00 2.56879E+00 2.09752E+01 7.14311E+00 5.00000E-01
  Bahcall SCRN 5.00000E+00 1.00000E+06 5.00000E-01 2.09752E+01 2.56879E+00 9.40810E-01 4.83652E+00 1.13392E-03 3.61051E-03
Conv   51    3 -1.3545E-14  7.6613E-07  1.0000E-04
TS Success   51  1  3
   51 3.3235925E-02 2.5439339E-03 5.0000000E+00 1.0000000E+06 5.0000000E-01
tdel   52  2.5755E-03  2.5755E-03  2.5439E-03  9.9967E+01  5.0879E-03  0.0000E+00    6
T9del   52  2.5755E-03  0.0000E+00
 TDel  3.581146296095863E-002  2.575537902933048E-003
YMom 1.91745E-01 5.21526E+00 2.60763E+00 2.21332E+01 7.42658E+00 5.00000E-01
YMom 1.91745E-01 5.21526E+00 2.60763E+00 2.21332E+01 7.42658E+00 5.00000E-01
  Bahcall SCRN 5.00000E+00 1.00000E+06 5.00000E-01 2.21332E+01 2.60763E+00 9.40810E-01 4.95848E+00 1.15382E-03 3.61051E-03
Conv   52    3 -9.5479E-15  6.6529E-07  1.0000E-04
TS Success   52  1  3
   52 3.5811463E-02 2.5755379E-03 5.0000000E+00 1.0000000E+06 5.0000000E-01
tdel   53  2.6133E-03  2.6133E-03  2.5755E-03  9.9964E+01  5.1511E-03  0.0000E+00    6
T9del   53  2.6133E-03  0.0000E+00
 TDel  3.842476214149709E-002  2.613299180538460E-003
YMom 1.88960E-01 5.29212E+00 2.64606E+00 2.32785E+01 7.70697E+00 5.00000E-01
YMom 1.88960E-01 5.29212E+00 2.64606E+00 2.32785E+01 7.70697E+00 5.00000E-01
  Bahcall SCRN 5.00000E+00 1.00000E+06 5.00000E-01 2.32785E+01 2.64606E+00 9.40810E-01 5.07621E+00 1.17261E-03 3.61051E-03
Conv   53    3 -3.4417E-15  5.8236E-07  1.0000E-04
TS Success   53  1  3
   53 3.8424762E-02 2.6132992E-03 5.0000000E+00 1.0000000E+06 5.0000000E-01
tdel   54  2.6568E-03  2.6568E-03  2.6133E-03  9.9962E+01  5.2266E-03  0.0000E+00    6
T9del   54  2.6568E-03  0.0000E+00
 TDel  4.108158273216047E-002  2.656820590663382E-003
YMom 1.86277E-01 5.36834E+00 2.68417E+00 2.44140E+01 7.98499E+00 5.00000E-01
YMom 1.86277E-01 5.36834E+00 2.68417E+00 2.44140E+01 7.98499E+00 5.00000E-01
  Bahcall SCRN 5.00000E+00 1.00000E+06 5.00000E-01 2.44140E+01 2.68417E+00 9.40810E-01 5.19031E+00 1.19043E-03 3.61051E-03
Conv   54    3 -6.7724E-15  5.1265E-07  1.0000E-04
TS Success   54  1  3
   54 4.1081583E-02 2.6568206E-03 5.0000000E+00 1.0000000E+06 5.0000000E-01
tdel   55  2.7058E-03  2.7058E-03  2.6568E-03  9.9959E+01  5.3136E-03  0.0000E+00    6
T9del   55  2.7058E-03  0.0000E+00
 TDel  4.378736884607294E-002  2.705786113912473E-003
YMom 1.83685E-01 5.44410E+00 2.72205E+00 2.55423E+01 8.26127E+00 5.00000E-01
YMom 1.83685E-01 5.44410E+00 2.72205E+00 2.55423E+01 8.26127E+00 5.00000E-01
  Bahcall SCRN 5.00000E+00 1.00000E+06 5.00000E-01 2.55423E+01 2.72205E+00 9.40810E-01 5.30125E+00 1.20738E-03 3.61051E-03
Conv   55    3 -1.1102E-15  4.5273E-07  1.0000E-04
TS Success   55  1  3
   55 4.3787369E-02 2.7057861E-03 5.0000000E+00 1.0000000E+06 5.0000000E-01
tdel   56  2.7599E-03  2.7599E-03  2.7058E-03  9.9956E+01  5.4116E-03  0.0000E+00    6
T9del   56  2.7599E-03  0.0000E+00
 TDel  4.654731579802560E-002  2.759946951952657E-003
YMom 1.81174E-01 5.51954E+00 2.75977E+00 2.66654E+01 8.53634E+00 5.00000E-01
YMom 1.81174E-01 5.51954E+00 2.75977E+00 2.66654E+01 8.53634E+00 5.00000E-01
  Bahcall SCRN 5.00000E+00 1.00000E+06 5.00000E-01 2.66654E+01 2.75977E+00 9.40810E-01 5.40942E+00 1.22357E-03 3.61051E-03
Conv   56    3  8.6597E-15  4.0000E-07  1.0000E-04
TS Success   56  1  3
   56 4.6547316E-02 2.7599470E-03 5.0000000E+00 1.0000000E+06 5.0000000E-01
tdel   57  2.8191E-03  2.8191E-03  2.7599E-03  9.9953E+01  5.5199E-03  0.0000E+00    6
T9del   57  2.8191E-03  0.0000E+00
 TDel  4.936644020962044E-002  2.819124411594849E-003
YMom 1.78738E-01 5.59479E+00 2.79740E+00 2.77854E+01 8.81066E+00 5.00000E-01
YMom 1.78738E-01 5.59479E+00 2.79740E+00 2.77854E+01 8.81066E+00 5.00000E-01
  Bahcall SCRN 5.00000E+00 1.00000E+06 5.00000E-01 2.77854E+01 2.79740E+00 9.40810E-01 5.51518E+00 1.23907E-03 3.61051E-03
Conv   57    3  1.7764E-14  3.5249E-07  1.0000E-04
TS Success   57  1  3
   57 4.9366440E-02 2.8191244E-03 5.0000000E+00 1.0000000E+06 5.0000000E-01
tdel   58  2.8832E-03  2.8832E-03  2.8191E-03  9.9951E+01  5.6382E-03  0.0000E+00    6
T9del   58  2.8832E-03  0.0000E+00
 TDel  5.224963842766453E-002  2.883198218044084E-003
YMom 1.76368E-01 5.66997E+00 2.83498E+00 2.89037E+01 9.08463E+00 5.00000E-01
YMom 1.76368E-01 5.66997E+00 2.83498E+00 2.89037E+01 9.08463E+00 5.00000E-01
  Bahcall SCRN 5.00000E+00 1.00000E+06 5.00000E-01 2.89037E+01 2.83498E+00 9.40810E-01 5.61880E+00 1.25396E-03 3.61051E-03
Conv   58    3 -7.6605E-15  3.0867E-07  1.0000E-04
TS Success   58  1  3
   58 5.2249638E-02 2.8831982E-03 5.0000000E+00 1.0000000E+06 5.0000000E-01
tdel   59  2.9521E-03  2.9521E-03  2.8832E-03  9.9948E+01  5.7664E-03  0.0000E+00    6
T9del   59  2.9521E-03  0.0000E+00
 TDel  5.520173593168733E-002  2.952097504022806E-003
YMom 1.74060E-01 5.74516E+00 2.87258E+00 3.00219E+01 9.35861E+00 5.00000E-01
YMom 1.74060E-01 5.74516E+00 2.87258E+00 3.00219E+01 9.35861E+00 5.00000E-01
  Bahcall SCRN 5.00000E+00 1.00000E+06 5.00000E-01 3.00219E+01 2.87258E+00 9.40810E-01 5.72053E+00 1.26828E-03 3.61051E-03
Conv   59    3 -7.9936E-15  2.6728E-07  1.0000E-04
TS Success   59  1  3
   59 5.5201736E-02 2.9520975E-03 5.0000000E+00 1.0000000E+06 5.0000000E-01
tdel   60  3.0258E-03  3.0258E-03  2.9521E-03  9.9945E+01  5.9042E-03  0.0000E+00    6
T9del   60  3.0258E-03  0.0000E+00
 TDel  5.822752957093264E-002  3.025793639245309E-003
YMom 1.71808E-01 5.82046E+00 2.91023E+00 3.11413E+01 9.63292E+00 5.00000E-01
YMom 1.71808E-01 5.82046E+00 2.91023E+00 3.11413E+01 9.63292E+00 5.00000E-01
  Bahcall SCRN 5.00000E+00 1.00000E+06 5.00000E-01 3.11413E+01 2.91023E+00 9.40810E-01 5.82059E+00 1.28209E-03 3.61051E-03
Conv   60    3 -1.1102E-14  2.2729E-07  1.0000E-04
TS Success   60  1  3
   60 5.8227530E-02 3.0257936E-03 5.0000000E+00 1.0000000E+06 5.0000000E-01
tdel   61  3.1043E-03  3.1043E-03  3.0258E-03  9.9942E+01  6.0516E-03  0.0000E+00    6
T9del   61  3.1043E-03  0.0000E+00
 TDel  6.133182451952680E-002  3.104294948594156E-003
YMom 1.69608E-01 5.89595E+00 2.94797E+00 3.22629E+01 9.90783E+00 5.00000E-01
YMom 1.69608E-01 5.89595E+00 2.94797E+00 3.22629E+01 9.90783E+00 5.00000E-01
  Bahcall SCRN 5.00000E+00 1.00000E+06 5.00000E-01 3.22629E+01 2.94797E+00 9.40810E-01 5.91916E+00 1.29542E-03 3.61051E-03
Conv   61    3 -3.0864E-14  1.8783E-07  1.0000E-04
TS Success   61  1  3
   61 6.1331825E-02 3.1042949E-03 5.0000000E+00 1.0000000E+06 5.0000000E-01
tdel   62  3.1876E-03  3.1876E-03  3.1043E-03  9.9939E+01  6.2086E-03  0.0000E+00    6
T9del   62  3.1876E-03  0.0000E+00
 TDel  6.451946741458722E-002  3.187642895060425E-003
YMom 1.67457E-01 5.97168E+00 2.98584E+00 3.33879E+01 1.01836E+01 5.00000E-01
YMom 1.67457E-01 5.97168E+00 2.98584E+00 3.33879E+01 1.01836E+01 5.00000E-01
  Bahcall SCRN 5.00000E+00 1.00000E+06 5.00000E-01 3.33879E+01 2.98584E+00 9.40810E-01 6.01639E+00 1.30833E-03 3.61051E-03
Conv   62    3 -3.3751E-14  1.4813E-07  1.0000E-04
TS Success   62  1  3
   62 6.4519467E-02 3.1876429E-03 5.0000000E+00 1.0000000E+06 5.0000000E-01
tdel   63  3.2759E-03  3.2759E-03  3.1876E-03  9.9935E+01  6.3753E-03  0.0000E+00    6
T9del   63  3.2759E-03  0.0000E+00
 TDel  6.779537683716126E-002  3.275909422574041E-003
YMom 1.65351E-01 6.04774E+00 3.02387E+00 3.45169E+01 1.04604E+01 5.00000E-01
YMom 1.65351E-01 6.04774E+00 3.02387E+00 3.45169E+01 1.04604E+01 5.00000E-01
  Bahcall SCRN 5.00000E+00 1.00000E+06 5.00000E-01 3.45169E+01 3.02387E+00 9.40810E-01 6.11243E+00 1.32083E-03 3.61051E-03
Conv   63    3 -4.5297E-14  1.0753E-07  1.0000E-04
TS Success   63  1  3
   63 6.7795377E-02 3.2759094E-03 5.0000000E+00 1.0000000E+06 5.0000000E-01
tdel   64  3.3692E-03  3.3692E-03  3.2759E-03  9.9932E+01  6.5518E-03  0.0000E+00    6
T9del   64  3.3692E-03  0.0000E+00
 TDel  7.116457206637554E-002  3.369195229214279E-003
YMom 1.63287E-01 6.12417E+00 3.06209E+00 3.56510E+01 1.07385E+01 5.00000E-01
YMom 1.63287E-01 6.12417E+00 3.06209E+00 3.56510E+01 1.07385E+01 5.00000E-01
  Bahcall SCRN 5.00000E+00 1.00000E+06 5.00000E-01 3.56510E+01 3.06209E+00 9.40810E-01 6.20740E+00 1.33295E-03 3.61051E-03
Conv   64    3 -4.7073E-14  6.5429E-08  1.0000E-04
TS Success   64  1  3
   64 7.1164572E-02 3.3691952E-03 5.0000000E+00 1.0000000E+06 5.0000000E-01
tdel   65  3.4676E-03  3.4676E-03  3.3692E-03  9.9929E+01  6.7384E-03  0.0000E+00    6
T9del   65  3.4676E-03  0.0000E+00
 TDel  7.463220087617613E-002  3.467628809800585E-003
YMom 1.61264E-01 6.20103E+00 3.10051E+00 3.67908E+01 1.10181E+01 5.00000E-01
YMom 1.61264E-01 6.20103E+00 3.10051E+00 3.67908E+01 1.10181E+01 5.00000E-01
  Bahcall SCRN 5.00000E+00 1.00000E+06 5.00000E-01 3.67908E+01 3.10051E+00 9.40810E-01 6.30141E+00 1.34473E-03 3.61051E-03
Conv   65    3 -4.7851E-14  2.1265E-08  1.0000E-04
TS Success   65  1  3
   65 7.4632201E-02 3.4676288E-03 5.0000000E+00 1.0000000E+06 5.0000000E-01
tdel   66  3.5714E-03  3.5714E-03  3.4676E-03  9.9925E+01  6.9353E-03  0.0000E+00    6
T9del   66  3.5714E-03  0.0000E+00
 TDel  7.820356703644581E-002  3.571366160269681E-003
YMom 1.59277E-01 6.27836E+00 3.13918E+00 3.79369E+01 1.12993E+01 5.00000E-01
YMom 1.59277E-01 6.27836E+00 3.13918E+00 3.79369E+01 1.12993E+01 5.00000E-01
  Bahcall SCRN 5.00000E+00 1.00000E+06 5.00000E-01 3.79369E+01 3.13918E+00 9.40810E-01 6.39455E+00 1.35618E-03 3.61051E-03
Conv   66    3 -8.9817E-14  2.5465E-08  1.0000E-04
TS Success   66  1  3
   66 7.8203567E-02 3.5713662E-03 5.0000000E+00 1.0000000E+06 5.0000000E-01
tdel   67  3.6806E-03  3.6806E-03  3.5714E-03  9.9922E+01  7.1427E-03  0.0000E+00    6
T9del   67  3.6806E-03  0.0000E+00
 TDel  8.188415810899126E-002  3.680591072545447E-003
YMom 1.57327E-01 6.35620E+00 3.17810E+00 3.90900E+01 1.15823E+01 5.00000E-01
YMom 1.57327E-01 6.35620E+00 3.17810E+00 3.90900E+01 1.15823E+01 5.00000E-01
  Bahcall SCRN 5.00000E+00 1.00000E+06 5.00000E-01 3.90900E+01 3.17810E+00 9.40810E-01 6.48691E+00 1.36731E-03 3.61051E-03
Conv   67    3 -9.2704E-14  7.5223E-08  1.0000E-04
TS Success   67  1  3
   67 8.1884158E-02 3.6805911E-03 5.0000000E+00 1.0000000E+06 5.0000000E-01
tdel   68  3.7955E-03  3.7955E-03  3.6806E-03  9.9918E+01  7.3612E-03  0.0000E+00    6
T9del   68  3.7955E-03  0.0000E+00
 TDel  8.567967409020064E-002  3.795515981209377E-003
YMom 1.55410E-01 6.43460E+00 3.21730E+00 4.02505E+01 1.18671E+01 5.00000E-01
YMom 1.55410E-01 6.43460E+00 3.21730E+00 4.02505E+01 1.18671E+01 5.00000E-01
  Bahcall SCRN 5.00000E+00 1.00000E+06 5.00000E-01 4.02505E+01 3.21730E+00 9.40810E-01 6.57855E+00 1.37816E-03 3.61051E-03
Conv   68    3 -9.0705E-14  1.2848E-07  1.0000E-04
TS Success   68  1  3
   68 8.5679674E-02 3.7955160E-03 5.0000000E+00 1.0000000E+06 5.0000000E-01
tdel   69  3.9164E-03  3.9164E-03  3.7955E-03  9.9914E+01  7.5910E-03  0.0000E+00    6
T9del   69  3.9164E-03  0.0000E+00
 TDel  8.959605743747727E-002  3.916383347276630E-003
YMom 1.53525E-01 6.51358E+00 3.25679E+00 4.14190E+01 1.21540E+01 5.00000E-01
YMom 1.53525E-01 6.51358E+00 3.25679E+00 4.14190E+01 1.21540E+01 5.00000E-01
  Bahcall SCRN 5.00000E+00 1.00000E+06 5.00000E-01 4.14190E+01 3.25679E+00 9.40810E-01 6.66956E+00 1.38872E-03 3.61051E-03
Conv   69    3 -9.7145E-14  1.8568E-07  1.0000E-04
TS Success   69  1  3
   69 8.9596057E-02 3.9163833E-03 5.0000000E+00 1.0000000E+06 5.0000000E-01
tdel   70  4.0435E-03  4.0435E-03  3.9164E-03  9.9910E+01  7.8328E-03  0.0000E+00    6
T9del   70  4.0435E-03  0.0000E+00
 TDel  9.363952502290497E-002  4.043467585427695E-003
YMom 1.51672E-01 6.59320E+00 3.29660E+00 4.25958E+01 1.24431E+01 5.00000E-01
YMom 1.51672E-01 6.59320E+00 3.29660E+00 4.25958E+01 1.24431E+01 5.00000E-01
  Bahcall SCRN 5.00000E+00 1.00000E+06 5.00000E-01 4.25958E+01 3.29660E+00 9.40810E-01 6.75998E+00 1.39903E-03 3.61051E-03
Conv   70    3 -1.1413E-13  2.4725E-07  1.0000E-04
TS Success   70  1  3
   70 9.3639525E-02 4.0434676E-03 5.0000000E+00 1.0000000E+06 5.0000000E-01
tdel   71  4.1771E-03  4.1771E-03  4.0435E-03  9.9906E+01  8.0869E-03  0.0000E+00    6
T9del   71  4.1771E-03  0.0000E+00
 TDel  9.781660258604882E-002  4.177077563143856E-003
YMom 1.49847E-01 6.67346E+00 3.33673E+00 4.37814E+01 1.27343E+01 5.00000E-01
YMom 1.49847E-01 6.67346E+00 3.33673E+00 4.37814E+01 1.27343E+01 5.00000E-01
  Bahcall SCRN 5.00000E+00 1.00000E+06 5.00000E-01 4.37814E+01 3.33673E+00 9.40810E-01 6.84987E+00 1.40908E-03 3.61051E-03
Conv   71    3 -7.5606E-14  3.1362E-07  1.0000E-04
TS Success   71  1  3
   71 9.7816603E-02 4.1770776E-03 5.0000000E+00 1.0000000E+06 5.0000000E-01
tdel   72  4.3176E-03  4.3176E-03  4.1771E-03  9.9902E+01  8.3542E-03  0.0000E+00    6
T9del   72  4.3176E-03  0.0000E+00
 TDel  0.102134162304252       4.317559718203413E-003
YMom 1.48051E-01 6.75441E+00 3.37720E+00 4.49761E+01 1.30279E+01 5.00000E-01
YMom 1.48051E-01 6.75441E+00 3.37720E+00 4.49761E+01 1.30279E+01 5.00000E-01
  Bahcall SCRN 5.00000E+00 1.00000E+06 5.00000E-01 4.49761E+01 3.37720E+00 9.40810E-01 6.93926E+00 1.41889E-03 3.61051E-03
Conv   72    3 -1.0236E-13  3.8525E-07  1.0000E-04
TS Success   72  1  3
   72 1.0213416E-01 4.3175597E-03 5.0000000E+00 1.0000000E+06 5.0000000E-01
tdel   73  4.4653E-03  4.4653E-03  4.3176E-03  9.9898E+01  8.6351E-03  0.0000E+00    6
T9del   73  4.4653E-03  0.0000E+00
 TDel  0.106599464167219       4.465301862966575E-003
YMom 1.46283E-01 6.83606E+00 3.41803E+00 4.61801E+01 1.33239E+01 5.00000E-01
YMom 1.46283E-01 6.83606E+00 3.41803E+00 4.61801E+01 1.33239E+01 5.00000E-01
  Bahcall SCRN 5.00000E+00 1.00000E+06 5.00000E-01 4.61801E+01 3.41803E+00 9.40810E-01 7.02822E+00 1.42847E-03 3.61051E-03
Conv   73    3 -9.0150E-14  4.6261E-07  1.0000E-04
TS Success   73  1  3
   73 1.0659946E-01 4.4653019E-03 5.0000000E+00 1.0000000E+06 5.0000000E-01
tdel   74  4.6207E-03  4.6207E-03  4.4653E-03  9.9893E+01  8.9306E-03  0.0000E+00    6
T9del   74  4.6207E-03  0.0000E+00
 TDel  0.111220201933849       4.620737766629704E-003
YMom 1.44541E-01 6.91845E+00 3.45922E+00 4.73938E+01 1.36224E+01 5.00000E-01
YMom 1.44541E-01 6.91845E+00 3.45922E+00 4.73938E+01 1.36224E+01 5.00000E-01
  Bahcall SCRN 5.00000E+00 1.00000E+06 5.00000E-01 4.73938E+01 3.45922E+00 9.40810E-01 7.11676E+00 1.43783E-03 3.61051E-03
Conv   74    3 -7.3497E-14  5.4618E-07  1.0000E-04
TS Success   74  1  3
   74 1.1122020E-01 4.6207378E-03 5.0000000E+00 1.0000000E+06 5.0000000E-01
tdel   75  4.7844E-03  4.7844E-03  4.6207E-03  9.9889E+01  9.2415E-03  0.0000E+00    6
T9del   75  4.7844E-03  0.0000E+00
 TDel  0.116004554569480       4.784352635631543E-003
YMom 1.42825E-01 7.00159E+00 3.50079E+00 4.86174E+01 1.39234E+01 5.00000E-01
YMom 1.42825E-01 7.00159E+00 3.50079E+00 4.86174E+01 1.39234E+01 5.00000E-01
  Bahcall SCRN 5.00000E+00 1.00000E+06 5.00000E-01 4.86174E+01 3.50079E+00 9.40810E-01 7.20492E+00 1.44697E-03 3.61051E-03
Conv   75    3 -1.9207E-14  6.3651E-07  1.0000E-04
TS Success   75  1  3
   75 1.1600455E-01 4.7843526E-03 5.0000000E+00 1.0000000E+06 5.0000000E-01
tdel   76  4.9567E-03  4.9567E-03  4.7844E-03  9.9884E+01  9.5687E-03  0.0000E+00    6
T9del   76  4.9567E-03  0.0000E+00
 TDel  0.120961244209138       4.956689639657575E-003
YMom 1.41133E-01 7.08550E+00 3.54275E+00 4.98509E+01 1.42271E+01 5.00000E-01
YMom 1.41133E-01 7.08550E+00 3.54275E+00 4.98509E+01 1.42271E+01 5.00000E-01
  Bahcall SCRN 5.00000E+00 1.00000E+06 5.00000E-01 4.98509E+01 3.54275E+00 9.40810E-01 7.29273E+00 1.45591E-03 3.61051E-03
Conv   76    3 -1.3767E-14  7.3420E-07  1.0000E-04
TS Success   76  1  3
   76 1.2096124E-01 4.9566896E-03 5.0000000E+00 1.0000000E+06 5.0000000E-01
tdel   77  5.1384E-03  5.1384E-03  4.9567E-03  9.9879E+01  9.9134E-03  0.0000E+00    6
T9del   77  5.1384E-03  0.0000E+00
 TDel  0.126099601885074       5.138357675935941E-003
YMom 1.39466E-01 7.17020E+00 3.58510E+00 5.10947E+01 1.45333E+01 5.00000E-01
YMom 1.39466E-01 7.17020E+00 3.58510E+00 5.10947E+01 1.45333E+01 5.00000E-01
  Bahcall SCRN 5.00000E+00 1.00000E+06 5.00000E-01 5.10947E+01 3.58510E+00 9.40810E-01 7.38022E+00 1.46464E-03 3.61051E-03
Conv   77    3 -3.2752E-14  8.4041E-07  1.0000E-04
TS Success   77  1  3
   77 1.2609960E-01 5.1383577E-03 5.0000000E+00 1.0000000E+06 5.0000000E-01
tdel   78  5.3300E-03  5.3300E-03  5.1384E-03  9.9874E+01  1.0277E-02  0.0000E+00    6
T9del   78  5.3300E-03  0.0000E+00
 TDel  0.131429642491332       5.330040606258627E-003
YMom 1.37822E-01 7.25572E+00 3.62786E+00 5.23487E+01 1.48423E+01 5.00000E-01
YMom 1.37822E-01 7.25572E+00 3.62786E+00 5.23487E+01 1.48423E+01 5.00000E-01
  Bahcall SCRN 5.00000E+00 1.00000E+06 5.00000E-01 5.23487E+01 3.62786E+00 9.40810E-01 7.46739E+00 1.47318E-03 3.61051E-03
Conv   78    3  5.9952E-15  9.5561E-07  1.0000E-04
TS Success   78  1  3
   78 1.3142964E-01 5.3300406E-03 5.0000000E+00 1.0000000E+06 5.0000000E-01
tdel   79  5.5325E-03  5.5325E-03  5.3300E-03  9.9869E+01  1.0660E-02  0.0000E+00    6
T9del   79  5.5325E-03  0.0000E+00
 TDel  0.136962150758768       5.532508267436286E-003
YMom 1.36202E-01 7.34205E+00 3.67103E+00 5.36131E+01 1.51540E+01 5.00000E-01
YMom 1.36202E-01 7.34205E+00 3.67103E+00 5.36131E+01 1.51540E+01 5.00000E-01
  Bahcall SCRN 5.00000E+00 1.00000E+06 5.00000E-01 5.36131E+01 3.67103E+00 9.40810E-01 7.55426E+00 1.48154E-03 3.61051E-03
Conv   79    3 -2.8533E-14  1.0805E-06  1.0000E-04
TS Success   79  1  3
   79 1.3696215E-01 5.5325083E-03 5.0000000E+00 1.0000000E+06 5.0000000E-01
tdel   80  5.7466E-03  5.7466E-03  5.5325E-03  9.9863E+01  1.1065E-02  0.0000E+00    6
T9del   80  5.7466E-03  0.0000E+00
 TDel  0.142708780386386       5.746629627617650E-003
YMom 1.34604E-01 7.42923E+00 3.71461E+00 5.48880E+01 1.54684E+01 5.00000E-01
YMom 1.34604E-01 7.42923E+00 3.71461E+00 5.48880E+01 1.54684E+01 5.00000E-01
  Bahcall SCRN 5.00000E+00 1.00000E+06 5.00000E-01 5.48880E+01 3.71461E+00 9.40810E-01 7.64086E+00 1.48970E-03 3.61051E-03
Conv   80    3 -4.1633E-14  1.2161E-06  1.0000E-04
TS Success   80  1  3
   80 1.4270878E-01 5.7466296E-03 5.0000000E+00 1.0000000E+06 5.0000000E-01
tdel   81  5.9734E-03  5.9734E-03  5.7466E-03  9.9857E+01  1.1493E-02  0.0000E+00    6
T9del   81  5.9734E-03  0.0000E+00
 TDel  0.148682168948833       5.973388562446906E-003
YMom 1.33027E-01 7.51725E+00 3.75862E+00 5.61732E+01 1.57855E+01 5.00000E-01
YMom 1.33027E-01 7.51725E+00 3.75862E+00 5.61732E+01 1.57855E+01 5.00000E-01
  Bahcall SCRN 5.00000E+00 1.00000E+06 5.00000E-01 5.61732E+01 3.75862E+00 9.40810E-01 7.72718E+00 1.49768E-03 3.61051E-03
Conv   81    3  2.0206E-14  1.3633E-06  1.0000E-04
TS Success   81  1  3
   81 1.4868217E-01 5.9733886E-03 5.0000000E+00 1.0000000E+06 5.0000000E-01
tdel   82  6.2139E-03  6.2139E-03  5.9734E-03  9.9851E+01  1.1947E-02  0.0000E+00    6
T9del   82  6.2139E-03  0.0000E+00
 TDel  0.154896071800768       6.213902851935245E-003
YMom 1.31473E-01 7.60613E+00 3.80306E+00 5.74687E+01 1.61055E+01 5.00000E-01
YMom 1.31473E-01 7.60613E+00 3.80306E+00 5.74687E+01 1.61055E+01 5.00000E-01
  Bahcall SCRN 5.00000E+00 1.00000E+06 5.00000E-01 5.74687E+01 3.80306E+00 9.40810E-01 7.81324E+00 1.50549E-03 3.61051E-03
Conv   82    3  6.3061E-14  1.5234E-06  1.0000E-04
TS Success   82  1  3
   82 1.5489607E-01 6.2139029E-03 5.0000000E+00 1.0000000E+06 5.0000000E-01
tdel   83  6.4694E-03  6.4694E-03  6.2139E-03  9.9845E+01  1.2428E-02  0.0000E+00    6
T9del   83  6.4694E-03  0.0000E+00
 TDel  0.161365518961863       6.469447161094828E-003
YMom 1.29940E-01 7.69587E+00 3.84794E+00 5.87746E+01 1.64282E+01 5.00000E-01
YMom 1.29940E-01 7.69587E+00 3.84794E+00 5.87746E+01 1.64282E+01 5.00000E-01
  Bahcall SCRN 5.00000E+00 1.00000E+06 5.00000E-01 5.87746E+01 3.84794E+00 9.40810E-01 7.89903E+00 1.51312E-03 3.61051E-03
Conv   83    3  1.0902E-13  1.6975E-06  1.0000E-04
TS Success   83  1  3
   83 1.6136552E-01 6.4694472E-03 5.0000000E+00 1.0000000E+06 5.0000000E-01
tdel   84  6.7415E-03  6.7415E-03  6.4694E-03  9.9839E+01  1.2939E-02  0.0000E+00    6
T9del   84  6.7415E-03  0.0000E+00
 TDel  0.168106999954236       6.741480992373346E-003
YMom 1.28428E-01 7.78649E+00 3.89325E+00 6.00905E+01 1.67536E+01 5.00000E-01
YMom 1.28428E-01 7.78649E+00 3.89325E+00 6.00905E+01 1.67536E+01 5.00000E-01
  Bahcall SCRN 5.00000E+00 1.00000E+06 5.00000E-01 6.00905E+01 3.89325E+00 9.40810E-01 7.98457E+00 1.52058E-03 3.61051E-03
Conv   84    3  9.4147E-14  1.8873E-06  1.0000E-04
TS Success   84  1  3
   84 1.6810700E-01 6.7414810E-03 5.0000000E+00 1.0000000E+06 5.0000000E-01
tdel   85  7.0317E-03  7.0317E-03  6.7415E-03  9.9832E+01  1.3483E-02  0.0000E+00    6
T9del   85  7.0317E-03  0.0000E+00
 TDel  0.175138682835958       7.031682881721037E-003
YMom 1.26936E-01 7.87799E+00 3.93900E+00 6.14164E+01 1.70818E+01 5.00000E-01
YMom 1.26936E-01 7.87799E+00 3.93900E+00 6.14164E+01 1.70818E+01 5.00000E-01
  Bahcall SCRN 5.00000E+00 1.00000E+06 5.00000E-01 6.14164E+01 3.93900E+00 9.40810E-01 8.06984E+00 1.52787E-03 3.61051E-03
Conv   85    3  2.0517E-13  2.0942E-06  1.0000E-04
TS Success   85  1  3
   85 1.7513868E-01 7.0316829E-03 5.0000000E+00 1.0000000E+06 5.0000000E-01
tdel   86  7.3420E-03  7.3420E-03  7.0317E-03  9.9825E+01  1.4063E-02  0.0000E+00    6
T9del   86  7.3420E-03  0.0000E+00
 TDel  0.182480675333888       7.341992497930197E-003
YMom 1.25465E-01 7.97037E+00 3.98519E+00 6.27521E+01 1.74127E+01 5.00000E-01
YMom 1.25465E-01 7.97037E+00 3.98519E+00 6.27521E+01 1.74127E+01 5.00000E-01
  Bahcall SCRN 5.00000E+00 1.00000E+06 5.00000E-01 6.27521E+01 3.98519E+00 9.40810E-01 8.15484E+00 1.53499E-03 3.61051E-03
Conv   86    3  1.2434E-13  2.3231E-06  1.0000E-04
TS Success   86  1  3
   86 1.8248068E-01 7.3419925E-03 5.0000000E+00 1.0000000E+06 5.0000000E-01
tdel   87  7.6747E-03  7.6747E-03  7.3420E-03  9.9818E+01  1.4684E-02  0.0000E+00    6
T9del   87  7.6747E-03  0.0000E+00
 TDel  0.190155338174406       7.674662840518729E-003
YMom 1.24014E-01 8.06363E+00 4.03182E+00 6.40971E+01 1.77463E+01 5.00000E-01
YMom 1.24014E-01 8.06363E+00 4.03182E+00 6.40971E+01 1.77463E+01 5.00000E-01
  Bahcall SCRN 5.00000E+00 1.00000E+06 5.00000E-01 6.40971E+01 4.03182E+00 9.40810E-01 8.23956E+00 1.54194E-03 3.61051E-03
Conv   87    3  1.7764E-15  2.5750E-06  1.0000E-04
TS Success   87  1  3
   87 1.9015534E-01 7.6746628E-03 5.0000000E+00 1.0000000E+06 5.0000000E-01
tdel   88  8.0323E-03  8.0323E-03  7.6747E-03  9.9810E+01  1.5349E-02  0.0000E+00    6
T9del   88  8.0323E-03  0.0000E+00
 TDel  0.198187663604331       8.032325429924733E-003
YMom 1.22583E-01 8.15777E+00 4.07888E+00 6.54513E+01 1.80824E+01 5.00000E-01
YMom 1.22583E-01 8.15777E+00 4.07888E+00 6.54513E+01 1.80824E+01 5.00000E-01
  Bahcall SCRN 5.00000E+00 1.00000E+06 5.00000E-01 6.54513E+01 4.07888E+00 9.40810E-01 8.32398E+00 1.54873E-03 3.61051E-03
Conv   88    3  3.2863E-14  2.8501E-06  1.0000E-04
TS Success   88  1  3
   88 1.9818766E-01 8.0323254E-03 5.0000000E+00 1.0000000E+06 5.0000000E-01
tdel   89  8.4181E-03  8.4181E-03  8.0323E-03  9.9802E+01  1.6065E-02  0.0000E+00    6
T9del   89  8.4181E-03  0.0000E+00
 TDel  0.206605736003283       8.418072398951702E-003
YMom 1.21171E-01 8.25278E+00 4.12639E+00 6.68140E+01 1.84211E+01 5.00000E-01
YMom 1.21171E-01 8.25278E+00 4.12639E+00 6.68140E+01 1.84211E+01 5.00000E-01
  Bahcall SCRN 5.00000E+00 1.00000E+06 5.00000E-01 6.68140E+01 4.12639E+00 9.40810E-01 8.40810E+00 1.55534E-03 3.61051E-03
Conv   89    3 -1.0847E-13  3.1499E-06  1.0000E-04
TS Success   89  1  3
   89 2.0660574E-01 8.4180724E-03 5.0000000E+00 1.0000000E+06 5.0000000E-01
tdel   90  8.8356E-03  8.8356E-03  8.4181E-03  9.9793E+01  1.6836E-02  0.0000E+00    6
T9del   90  8.8356E-03  0.0000E+00
 TDel  0.215441296763562       8.835560760278697E-003
YMom 1.19780E-01 8.34866E+00 4.17433E+00 6.81850E+01 1.87622E+01 5.00000E-01
YMom 1.19780E-01 8.34866E+00 4.17433E+00 6.81850E+01 1.87622E+01 5.00000E-01
  Bahcall SCRN 5.00000E+00 1.00000E+06 5.00000E-01 6.81850E+01 4.17433E+00 9.40810E-01 8.49189E+00 1.56180E-03 3.61051E-03
Conv   90    3 -1.1802E-13  3.4758E-06  1.0000E-04
TS Success   90  1  3
   90 2.1544130E-01 8.8355608E-03 5.0000000E+00 1.0000000E+06 5.0000000E-01
tdel   91  9.2891E-03  9.2891E-03  8.8356E-03  9.9785E+01  1.7671E-02  0.0000E+00    6
T9del   91  9.2891E-03  0.0000E+00
 TDel  0.224730442861516       9.289146097954048E-003
YMom 1.18408E-01 8.44539E+00 4.22270E+00 6.95635E+01 1.91056E+01 5.00000E-01
YMom 1.18408E-01 8.44539E+00 4.22270E+00 6.95635E+01 1.91056E+01 5.00000E-01
  Bahcall SCRN 5.00000E+00 1.00000E+06 5.00000E-01 6.95635E+01 4.22270E+00 9.40810E-01 8.57533E+00 1.56808E-03 3.61051E-03
Conv   91    3  5.2403E-14  3.8361E-06  1.0000E-04
TS Success   91  1  3
   91 2.2473044E-01 9.2891461E-03 5.0000000E+00 1.0000000E+06 5.0000000E-01
tdel   92  9.7841E-03  9.7841E-03  9.2891E-03  9.9775E+01  1.8578E-02  0.0000E+00    6
T9del   92  9.7841E-03  0.0000E+00
 TDel  0.234514498599534       9.784055738018552E-003
YMom 1.17055E-01 8.54296E+00 4.27148E+00 7.09489E+01 1.94513E+01 5.00000E-01
YMom 1.17055E-01 8.54296E+00 4.27148E+00 7.09489E+01 1.94513E+01 5.00000E-01
  Bahcall SCRN 5.00000E+00 1.00000E+06 5.00000E-01 7.09489E+01 4.27148E+00 9.40810E-01 8.65838E+00 1.57420E-03 3.61051E-03
Conv   92    3  2.4869E-14  4.2318E-06  1.0000E-04
TS Success   92  1  3
   92 2.3451450E-01 9.7840557E-03 5.0000000E+00 1.0000000E+06 5.0000000E-01
tdel   93  1.0327E-02  1.0327E-02  9.7841E-03  9.9765E+01  1.9568E-02  0.0000E+00    6
T9del   93  1.0327E-02  0.0000E+00
 TDel  0.244841114177351       1.032661557781702E-002
YMom 1.15723E-01 8.64135E+00 4.32068E+00 7.23404E+01 1.97990E+01 5.00000E-01
YMom 1.15723E-01 8.64135E+00 4.32068E+00 7.23404E+01 1.97990E+01 5.00000E-01
  Bahcall SCRN 5.00000E+00 1.00000E+06 5.00000E-01 7.23404E+01 4.32068E+00 9.40810E-01 8.74101E+00 1.58016E-03 3.61051E-03
Conv   93    3  4.7073E-14  4.6565E-06  1.0000E-04
TS Success   93  1  3
   93 2.4484111E-01 1.0326616E-02 5.0000000E+00 1.0000000E+06 5.0000000E-01
tdel   94  1.0925E-02  1.0925E-02  1.0327E-02  9.9755E+01  2.0653E-02  0.0000E+00    6
T9del   94  1.0925E-02  0.0000E+00
 TDel  0.255765664890436       1.092455071308489E-002
YMom 1.14409E-01 8.74054E+00 4.37027E+00 7.37372E+01 2.01486E+01 5.00000E-01
YMom 1.14409E-01 8.74054E+00 4.37027E+00 7.37372E+01 2.01486E+01 5.00000E-01
  Bahcall SCRN 5.00000E+00 1.00000E+06 5.00000E-01 7.37372E+01 4.37027E+00 9.40810E-01 8.82319E+00 1.58594E-03 3.61051E-03
Conv   94    3 -4.8184E-14  5.1079E-06  1.0000E-04
TS Success   94  1  3
   94 2.5576566E-01 1.0924551E-02 5.0000000E+00 1.0000000E+06 5.0000000E-01
tdel   95  1.1587E-02  1.1587E-02  1.0925E-02  9.9744E+01  2.1849E-02  0.0000E+00    6
T9del   95  1.1587E-02  0.0000E+00
 TDel  0.267353054160573       1.158738927013719E-002
YMom 1.13116E-01 8.84048E+00 4.42024E+00 7.51381E+01 2.04999E+01 5.00000E-01
YMom 1.13116E-01 8.84048E+00 4.42024E+00 7.51381E+01 2.04999E+01 5.00000E-01
  Bahcall SCRN 5.00000E+00 1.00000E+06 5.00000E-01 7.51381E+01 4.42024E+00 9.40810E-01 8.90487E+00 1.59154E-03 3.61051E-03
Conv   95    3  1.1058E-13  5.5821E-06  1.0000E-04
TS Success   95  1  3
   95 2.6735305E-01 1.1587389E-02 5.0000000E+00 1.0000000E+06 5.0000000E-01
tdel   96  1.2327E-02  1.2327E-02  1.1587E-02  9.9733E+01  2.3175E-02  0.0000E+00    6
T9del   96  1.2327E-02  0.0000E+00
 TDel  0.279680066786164       1.232701262559109E-002
YMom 1.11843E-01 8.94114E+00 4.47057E+00 7.65422E+01 2.08527E+01 5.00000E-01
YMom 1.11843E-01 8.94114E+00 4.47057E+00 7.65422E+01 2.08527E+01 5.00000E-01
  Bahcall SCRN 5.00000E+00 1.00000E+06 5.00000E-01 7.65422E+01 4.47057E+00 9.40810E-01 8.98600E+00 1.59698E-03 3.61051E-03
Conv   96    3  2.6690E-13  6.0729E-06  1.0000E-04
TS Success   96  1  3
   96 2.7968007E-01 1.2327013E-02 5.0000000E+00 1.0000000E+06 5.0000000E-01
tdel   97  1.1761E-02  1.1761E-02  1.2327E-02  9.9720E+01  2.4654E-02  0.0000E+00    5
 ITC  mg24  1.068890504861535E-007  0.279680066786164     
  1.176104174193908E-002
T9del   97  1.1761E-02  0.0000E+00
 TDel  0.291441108528104       1.176104174193908E-002
YMom 1.10589E-01 9.04248E+00 4.52124E+00 7.79478E+01 2.12067E+01 5.00000E-01
YMom 1.10589E-01 9.04248E+00 4.52124E+00 7.79478E+01 2.12067E+01 5.00000E-01
  Bahcall SCRN 5.00000E+00 1.00000E+06 5.00000E-01 7.79478E+01 4.52124E+00 9.40810E-01 9.06650E+00 1.60223E-03 3.61051E-03
Conv   97    3  3.9635E-13  4.2647E-06  1.0000E-04
TS Success   97  1  3
   97 2.9144111E-01 1.1761042E-02 5.0000000E+00 1.0000000E+06 5.0000000E-01
tdel   98  1.2443E-02  1.2443E-02  1.1761E-02  9.9709E+01  2.3522E-02  0.0000E+00    5
T9del   98  1.2443E-02  0.0000E+00
 TDel  0.303884264038999       1.244315551089530E-002
YMom 1.09479E-01 9.13420E+00 4.56710E+00 7.92134E+01 2.15260E+01 5.00000E-01
YMom 1.09479E-01 9.13420E+00 4.56710E+00 7.92134E+01 2.15260E+01 5.00000E-01
  Bahcall SCRN 5.00000E+00 1.00000E+06 5.00000E-01 7.92134E+01 4.56710E+00 9.40810E-01 9.13839E+00 1.60680E-03 3.61051E-03
Conv   98    3  5.0759E-13  4.4708E-06  1.0000E-04
TS Success   98  1  3
   98 3.0388426E-01 1.2443156E-02 5.0000000E+00 1.0000000E+06 5.0000000E-01
tdel   99  1.3246E-02  1.3246E-02  1.2443E-02  9.9696E+01  2.4886E-02  0.0000E+00    5
T9del   99  1.3246E-02  0.0000E+00
 TDel  0.317130426909239       1.324616287024014E-002
YMom 1.08391E-01 9.22587E+00 4.61294E+00 8.04708E+01 2.18440E+01 5.00000E-01
YMom 1.08391E-01 9.22587E+00 4.61294E+00 8.04708E+01 2.18440E+01 5.00000E-01
  Bahcall SCRN 5.00000E+00 1.00000E+06 5.00000E-01 8.04708E+01 4.61294E+00 9.40810E-01 9.20927E+00 1.61120E-03 3.61051E-03
Conv   99    3  4.9472E-13  4.7298E-06  1.0000E-04
TS Success   99  1  3
   99 3.1713043E-01 1.3246163E-02 5.0000000E+00 1.0000000E+06 5.0000000E-01
tdel  100  1.4175E-02  1.4175E-02  1.3246E-02  9.9683E+01  2.6492E-02  0.0000E+00    5
T9del  100  1.4175E-02  0.0000E+00
 TDel  0.331304987843198       1.417456093395949E-002
YMom 1.07323E-01 9.31771E+00 4.65885E+00 8.17228E+01 2.21615E+01 5.00000E-01
YMom 1.07323E-01 9.31771E+00 4.65885E+00 8.17228E+01 2.21615E+01 5.00000E-01
  Bahcall SCRN 5.00000E+00 1.00000E+06 5.00000E-01 8.17228E+01 4.65885E+00 9.40810E-01 9.27932E+00 1.61544E-03 3.61051E-03
Conv  100    3 -4.1356E-13  4.9978E-06  1.0000E-04
TS Success  100  1  3
  100 3.3130499E-01 1.4174561E-02 5.0000000E+00 1.0000000E+06 5.0000000E-01
tdel  101  1.5242E-02  1.5242E-02  1.4175E-02  9.9669E+01  2.8349E-02  0.0000E+00    5
T9del  101  1.5242E-02  0.0000E+00
 TDel  0.346546881862457       1.524189401925888E-002
YMom 1.06273E-01 9.40974E+00 4.70487E+00 8.29693E+01 2.24784E+01 5.00000E-01
YMom 1.06273E-01 9.40974E+00 4.70487E+00 8.29693E+01 2.24784E+01 5.00000E-01
  Bahcall SCRN 5.00000E+00 1.00000E+06 5.00000E-01 8.29693E+01 4.70487E+00 9.40810E-01 9.34857E+00 1.61952E-03 3.61051E-03
Conv  101    3  2.0184E-13  5.2483E-06  1.0000E-04
TS Success  101  1  3
  101 3.4654688E-01 1.5241894E-02 5.0000000E+00 1.0000000E+06 5.0000000E-01
tdel  102  1.6480E-02  1.6480E-02  1.5242E-02  9.9653E+01  3.0484E-02  0.0000E+00    5
T9del  102  1.6480E-02  0.0000E+00
 TDel  0.363027227388181       1.648034552572353E-002
YMom 1.05242E-01 9.50192E+00 4.75096E+00 8.42090E+01 2.27944E+01 5.00000E-01
YMom 1.05242E-01 9.50192E+00 4.75096E+00 8.42090E+01 2.27944E+01 5.00000E-01
  Bahcall SCRN 5.00000E+00 1.00000E+06 5.00000E-01 8.42090E+01 4.75096E+00 9.40810E-01 9.41694E+00 1.62343E-03 3.61051E-03
Conv  102    3  5.7110E-13  5.4687E-06  1.0000E-04
TS Success  102  1  3
  102 3.6302723E-01 1.6480346E-02 5.0000000E+00 1.0000000E+06 5.0000000E-01
tdel  103  1.7935E-02  1.7935E-02  1.6480E-02  9.9637E+01  3.2961E-02  0.0000E+00    5
T9del  103  1.7935E-02  0.0000E+00
 TDel  0.380961845815797       1.793461842761604E-002
YMom 1.04230E-01 9.59413E+00 4.79707E+00 8.54400E+01 2.31092E+01 5.00000E-01
YMom 1.04230E-01 9.59413E+00 4.79707E+00 8.54400E+01 2.31092E+01 5.00000E-01
  Bahcall SCRN 5.00000E+00 1.00000E+06 5.00000E-01 8.54400E+01 4.79707E+00 9.40810E-01 9.48436E+00 1.62717E-03 3.61051E-03
Conv  103    3  1.0154E-12  5.6459E-06  1.0000E-04
TS Success  103  1  3
  103 3.8096185E-01 1.7934618E-02 5.0000000E+00 1.0000000E+06 5.0000000E-01
tdel  104  1.9667E-02  1.9667E-02  1.7935E-02  9.9619E+01  3.5869E-02  0.0000E+00    5
T9del  104  1.9667E-02  0.0000E+00
 TDel  0.400628397996172       1.966655218037518E-002
YMom 1.03239E-01 9.68626E+00 4.84313E+00 8.66600E+01 2.34221E+01 5.00000E-01
YMom 1.03239E-01 9.68626E+00 4.84313E+00 8.66600E+01 2.34221E+01 5.00000E-01
  Bahcall SCRN 5.00000E+00 1.00000E+06 5.00000E-01 8.66600E+01 4.84313E+00 9.40810E-01 9.55073E+00 1.63075E-03 3.61051E-03
Conv  104    3  9.7788E-13  5.7636E-06  1.0000E-04
TS Success  104  1  3
  104 4.0062840E-01 1.9666552E-02 5.0000000E+00 1.0000000E+06 5.0000000E-01
tdel  105  2.1764E-02  2.1764E-02  1.9667E-02  9.9599E+01  3.9333E-02  0.0000E+00    5
T9del  105  2.1764E-02  0.0000E+00
 TDel  0.422391950862245       2.176355286607311E-002
YMom 1.02269E-01 9.77816E+00 4.88908E+00 8.78663E+01 2.37327E+01 5.00000E-01
YMom 1.02269E-01 9.77816E+00 4.88908E+00 8.78663E+01 2.37327E+01 5.00000E-01
  Bahcall SCRN 5.00000E+00 1.00000E+06 5.00000E-01 8.78663E+01 4.88908E+00 9.40810E-01 9.61592E+00 1.63415E-03 3.61051E-03
Conv  105    3  1.4857E-12  5.8315E-06  1.0000E-04
TS Success  105  1  3
  105 4.2239195E-01 2.1763553E-02 5.0000000E+00 1.0000000E+06 5.0000000E-01
tdel  106  2.4353E-02  2.4353E-02  2.1764E-02  9.9578E+01  4.3527E-02  0.0000E+00    5
T9del  106  2.4353E-02  0.0000E+00
 TDel  0.446744773663846       2.435282280160050E-002
YMom 1.01321E-01 9.86961E+00 4.93480E+00 8.90558E+01 2.40401E+01 5.00000E-01
YMom 1.01321E-01 9.86961E+00 4.93480E+00 8.90558E+01 2.40401E+01 5.00000E-01
  Bahcall SCRN 5.00000E+00 1.00000E+06 5.00000E-01 8.90558E+01 4.93480E+00 9.40810E-01 9.67980E+00 1.63736E-03 3.61051E-03
Conv  106    3  1.7175E-12  5.8373E-06  1.0000E-04
TS Success  106  1  3
  106 4.4674477E-01 2.4352823E-02 5.0000000E+00 1.0000000E+06 5.0000000E-01
tdel  107  2.7626E-02  2.7626E-02  2.4353E-02  9.9553E+01  4.8706E-02  0.0000E+00    5
T9del  107  2.7626E-02  0.0000E+00
 TDel  0.474370824116368       2.762605045252221E-002
YMom 1.00398E-01 9.96036E+00 4.98018E+00 9.02246E+01 2.43433E+01 5.00000E-01
YMom 1.00398E-01 9.96036E+00 4.98018E+00 9.02246E+01 2.43433E+01 5.00000E-01
  Bahcall SCRN 5.00000E+00 1.00000E+06 5.00000E-01 9.02246E+01 4.98018E+00 9.40810E-01 9.74218E+00 1.64039E-03 3.61051E-03
Conv  107    3  1.7828E-12  5.7202E-06  1.0000E-04
TS Success  107  1  3
  107 4.7437082E-01 2.7626050E-02 5.0000000E+00 1.0000000E+06 5.0000000E-01
tdel  108  3.1884E-02  3.1884E-02  2.7626E-02  9.9526E+01  5.5252E-02  0.0000E+00    5
T9del  108  3.1884E-02  0.0000E+00
 TDel  0.506255258437390       3.188443432102200E-002
YMom 9.95020E-02 1.00501E+01 5.02503E+00 9.13678E+01 2.46412E+01 5.00000E-01
YMom 9.95020E-02 1.00501E+01 5.02503E+00 9.13678E+01 2.46412E+01 5.00000E-01
  Bahcall SCRN 5.00000E+00 1.00000E+06 5.00000E-01 9.13678E+01 5.02503E+00 9.40810E-01 9.80283E+00 1.64322E-03 3.61051E-03
Conv  108    3  4.7122E-12  5.4467E-06  1.0000E-04
TS Success  108  1  3
  108 5.0625526E-01 3.1884434E-02 5.0000000E+00 1.0000000E+06 5.0000000E-01
tdel  109  3.7626E-02  3.7626E-02  3.1884E-02  9.9494E+01  6.3769E-02  0.0000E+00    5
T9del  109  3.7626E-02  0.0000E+00
 TDel  0.543881197722080       3.762593928469016E-002
YMom 9.86366E-02 1.01382E+01 5.06911E+00 9.24793E+01 2.49322E+01 5.00000E-01
YMom 9.86366E-02 1.01382E+01 5.06911E+00 9.24793E+01 2.49322E+01 5.00000E-01
  Bahcall SCRN 5.00000E+00 1.00000E+06 5.00000E-01 9.24793E+01 5.06911E+00 9.40810E-01 9.86146E+00 1.64585E-03 3.61051E-03
Conv  109    3  6.2725E-12  4.9859E-06  1.0000E-04
TS Success  109  1  3
  109 5.4388120E-01 3.7625939E-02 5.0000000E+00 1.0000000E+06 5.0000000E-01
tdel  110  4.5727E-02  4.5727E-02  3.7626E-02  9.9456E+01  7.5252E-02  0.0000E+00    5
T9del  110  4.5727E-02  0.0000E+00
 TDel  0.589608626521942       4.572742879986228E-002
YMom 9.78069E-02 1.02242E+01 5.11212E+00 9.35509E+01 2.52141E+01 5.00000E-01
YMom 9.78069E-02 1.02242E+01 5.11212E+00 9.35509E+01 2.52141E+01 5.00000E-01
  Bahcall SCRN 5.00000E+00 1.00000E+06 5.00000E-01 9.35509E+01 5.11212E+00 9.40810E-01 9.91768E+00 1.64825E-03 3.61051E-03
Conv  110    3  1.1076E-11  4.4129E-06  1.0000E-04
TS Success  110  1  3
  110 5.8960863E-01 4.5727429E-02 5.0000000E+00 1.0000000E+06 5.0000000E-01
tdel  111  5.7862E-02  5.7862E-02  4.5727E-02  9.9410E+01  9.1455E-02  0.0000E+00    5
T9del  111  5.7862E-02  0.0000E+00
 TDel  0.647470217525900       5.786159100395808E-002
YMom 9.70201E-02 1.03071E+01 5.15357E+00 9.45715E+01 2.54840E+01 5.00000E-01
YMom 9.70201E-02 1.03071E+01 5.15357E+00 9.45715E+01 2.54840E+01 5.00000E-01
  Bahcall SCRN 5.00000E+00 1.00000E+06 5.00000E-01 9.45715E+01 5.15357E+00 9.40810E-01 9.97096E+00 1.65043E-03 3.61051E-03
Conv  111    3  1.1418E-11  3.5941E-06  1.0000E-04
TS Success  111  1  3
  111 6.4747022E-01 5.7861591E-02 5.0000000E+00 1.0000000E+06 5.0000000E-01
tdel  112  7.7571E-02  7.7571E-02  5.7862E-02  9.9353E+01  1.1572E-01  0.0000E+00    5
T9del  112  7.7571E-02  0.0000E+00
 TDel  0.725040793254581       7.757057572868030E-002
YMom 9.62869E-02 1.03856E+01 5.19281E+00 9.55258E+01 2.57376E+01 5.00000E-01
YMom 9.62869E-02 1.03856E+01 5.19281E+00 9.55258E+01 2.57376E+01 5.00000E-01
  Bahcall SCRN 5.00000E+00 1.00000E+06 5.00000E-01 9.55258E+01 5.19281E+00 9.40810E-01 1.00205E+01 1.65236E-03 3.61051E-03
Conv  112    3  5.4412E-12  2.5998E-06  1.0000E-04
TS Success  112  1  3
  112 7.2504079E-01 7.7570576E-02 5.0000000E+00 1.0000000E+06 5.0000000E-01
tdel  113  1.1349E-01  1.1349E-01  7.7571E-02  9.9275E+01  1.5514E-01  0.0000E+00    5
T9del  113  1.1349E-01  0.0000E+00
 TDel  0.838535487850429       0.113494694595848     
YMom 9.56240E-02 1.04576E+01 5.22881E+00 9.63906E+01 2.59686E+01 5.00000E-01
YMom 9.56240E-02 1.04576E+01 5.22881E+00 9.63906E+01 2.59686E+01 5.00000E-01
  Bahcall SCRN 5.00000E+00 1.00000E+06 5.00000E-01 9.63906E+01 5.22881E+00 9.40810E-01 1.00653E+01 1.65401E-03 3.61051E-03
Conv  113    3 -4.0296E-12  1.5329E-06  1.0000E-04
TS Success  113  1  3
  113 8.3853549E-01 1.1349469E-01 5.0000000E+00 1.0000000E+06 5.0000000E-01
tdel  114  1.9024E-01  1.9024E-01  1.1349E-01  9.9161E+01  2.2699E-01  0.0000E+00    3
 ITC   o16  1.704396295612579E-007  0.838535487850429     
  0.190238504145166     
T9del  114  1.9024E-01  0.0000E+00
 TDel   1.02877399199559       0.190238504145166     
YMom 9.50564E-02 1.05201E+01 5.26003E+00 9.71319E+01 2.61677E+01 5.00000E-01
YMom 9.50564E-02 1.05201E+01 5.26003E+00 9.71319E+01 2.61677E+01 5.00000E-01
  Bahcall SCRN 5.00000E+00 1.00000E+06 5.00000E-01 9.71319E+01 5.26003E+00 9.40810E-01 1.01035E+01 1.65536E-03 3.61051E-03
Conv  114    3 -4.7851E-12  6.1409E-07  1.0000E-04
TS Success  114  1  3
  114 1.0287740E+00 1.9023850E-01 5.0000000E+00 1.0000000E+06 5.0000000E-01
tdel  115  3.8048E-01  4.0576E-01  1.9024E-01  9.8971E+01  3.8048E-01  0.0000E+00    3
T9del  115  3.8048E-01  0.0000E+00
 TDel   1.40925100028593       0.380477008290333     
YMom 9.46224E-02 1.05683E+01 5.28416E+00 9.76992E+01 2.63206E+01 5.00000E-01
YMom 9.46224E-02 1.05683E+01 5.28416E+00 9.76992E+01 2.63206E+01 5.00000E-01
  Bahcall SCRN 5.00000E+00 1.00000E+06 5.00000E-01 9.76992E+01 5.28416E+00 9.40810E-01 1.01326E+01 1.65634E-03 3.61051E-03
Conv  115    3  6.1737E-12  9.9053E-08  1.0000E-04
TS Success  115  1  3
  115 1.4092510E+00 3.8047701E-01 5.0000000E+00 1.0000000E+06 5.0000000E-01
tdel  116  7.6095E-01  1.3426E+00  3.8048E-01  9.8591E+01  7.6095E-01  0.0000E+00    3
T9del  116  7.6095E-01  0.0000E+00
 TDel   2.17020501686659       0.760954016580665     
YMom 9.43658E-02 1.05971E+01 5.29853E+00 9.80348E+01 2.64114E+01 5.00000E-01
YMom 9.43658E-02 1.05971E+01 5.29853E+00 9.80348E+01 2.64114E+01 5.00000E-01
  Bahcall SCRN 5.00000E+00 1.00000E+06 5.00000E-01 9.80348E+01 5.29853E+00 9.40810E-01 1.01499E+01 1.65690E-03 3.61051E-03
Conv  116    3 -1.2444E-11  2.3234E-09  1.0000E-04
TS Success  116  1  3
  116 2.1702050E+00 7.6095402E-01 5.0000000E+00 1.0000000E+06 5.0000000E-01
tdel  117  1.5219E+00  7.6188E+00  7.6095E-01  9.7830E+01  1.5219E+00  0.0000E+00    3
T9del  117  1.5219E+00  0.0000E+00
 TDel   3.69211305002792        1.52190803316133     
YMom 9.42762E-02 1.06071E+01 5.30356E+00 9.81521E+01 2.64431E+01 5.00000E-01
YMom 9.42762E-02 1.06071E+01 5.30356E+00 9.81521E+01 2.64431E+01 5.00000E-01
  Bahcall SCRN 5.00000E+00 1.00000E+06 5.00000E-01 9.81521E+01 5.30356E+00 9.40810E-01 1.01559E+01 1.65709E-03 3.61051E-03
Conv  117    2 -6.6932E-11  4.7156E-06  1.0000E-04
TS Success  117  1  2
  117 3.6921131E+00 1.5219080E+00 5.0000000E+00 1.0000000E+06 5.0000000E-01
tdel  118  3.0438E+00  7.9540E+01  1.5219E+00  9.6308E+01  3.0438E+00  0.0000E+00    3
T9del  118  3.0438E+00  0.0000E+00
 TDel   6.73592911635058        3.04381606632266     
YMom 9.42589E-02 1.06091E+01 5.30454E+00 9.81748E+01 2.64493E+01 5.00000E-01
YMom 9.42589E-02 1.06091E+01 5.30454E+00 9.81748E+01 2.64493E+01 5.00000E-01
  Bahcall SCRN 5.00000E+00 1.00000E+06 5.00000E-01 9.81748E+01 5.30454E+00 9.40810E-01 1.01570E+01 1.65713E-03 3.61051E-03
Conv  118    2 -2.1845E-10  4.8464E-08  1.0000E-04
TS Success  118  1  2
  118 6.7359291E+00 3.0438161E+00 5.0000000E+00 1.0000000E+06 5.0000000E-01
tdel  119  6.0876E+00  1.5895E+03  3.0438E+00  9.3264E+01  6.0876E+00  0.0000E+00    3
T9del  119  6.0876E+00  0.0000E+00
 TDel   12.8235612489959        6.08763213264532     
YMom 9.42572E-02 1.06093E+01 5.30464E+00 9.81772E+01 2.64499E+01 5.00000E-01
YMom 9.42572E-02 1.06093E+01 5.30464E+00 9.81772E+01 2.64499E+01 5.00000E-01
  Bahcall SCRN 5.00000E+00 1.00000E+06 5.00000E-01 9.81772E+01 5.30464E+00 9.40810E-01 1.01572E+01 1.65714E-03 3.61051E-03
Conv  119    1 -1.9938E-10  6.8224E-05  1.0000E-04
TS Success  119  1  1
  119 1.2823561E+01 6.0876321E+00 5.0000000E+00 1.0000000E+06 5.0000000E-01
tdel  120  1.2175E+01  6.2233E+04  6.0876E+00  8.7176E+01  1.2175E+01  0.0000E+00    3
T9del  120  1.2175E+01  0.0000E+00
 TDel   24.9988255142866        12.1752642652906     
YMom 9.42571E-02 1.06093E+01 5.30464E+00 9.81773E+01 2.64499E+01 5.00000E-01
YMom 9.42571E-02 1.06093E+01 5.30464E+00 9.81773E+01 2.64499E+01 5.00000E-01
  Bahcall SCRN 5.00000E+00 1.00000E+06 5.00000E-01 9.81773E+01 5.30464E+00 9.40810E-01 1.01572E+01 1.65714E-03 3.61051E-03
Conv  120    1  9.6618E-10  1.7250E-06  1.0000E-04
TS Success  120  1  1
  120 2.4998826E+01 1.2175264E+01 5.0000000E+00 1.0000000E+06 5.0000000E-01
tdel  121  2.4351E+01  4.8531E+06  1.2175E+01  7.5001E+01  2.4351E+01  0.0000E+00    3
T9del  121  2.4351E+01  0.0000E+00
 TDel   49.3493540448679        24.3505285305813     
YMom 9.42571E-02 1.06093E+01 5.30464E+00 9.81773E+01 2.64499E+01 5.00000E-01
YMom 9.42571E-02 1.06093E+01 5.30464E+00 9.81773E+01 2.64499E+01 5.00000E-01
  Bahcall SCRN 5.00000E+00 1.00000E+06 5.00000E-01 9.81773E+01 5.30464E+00 9.40810E-01 1.01572E+01 1.65714E-03 3.61051E-03
Conv  121    1  4.7846E-09  6.7701E-08  1.0000E-04
TS Success  121  1  1
  121 4.9349354E+01 2.4350529E+01 5.0000000E+00 1.0000000E+06 5.0000000E-01
tdel  122  4.8701E+01  3.9857E+08  2.4351E+01  5.0651E+01  4.8701E+01  0.0000E+00   14
 ITC  zn60  9.056378205146399E-007   49.3493540448679     
   48.7010570611626     
T9del  122  4.8701E+01  0.0000E+00
 TDel   98.0504111060304        48.7010570611626     
YMom 9.42571E-02 1.06093E+01 5.30464E+00 9.81773E+01 2.64499E+01 5.00000E-01
YMom 9.42571E-02 1.06093E+01 5.30464E+00 9.81773E+01 2.64499E+01 5.00000E-01
  Bahcall SCRN 5.00000E+00 1.00000E+06 5.00000E-01 9.81773E+01 5.30464E+00 9.40810E-01 1.01572E+01 1.65714E-03 3.61051E-03
Conv  122    1  1.2479E-08  9.5509E-08  1.0000E-04
TS Success  122  1  1
  122 9.8050411E+01 4.8701057E+01 5.0000000E+00 1.0000000E+06 5.0000001E-01
tdel  123  1.9496E+00  3.8234E+08  4.8701E+01  1.9496E+00  9.7402E+01  0.0000E+00   14
T9del  123  1.9496E+00  0.0000E+00
 TDel   100.000000000000        1.94958889396956     
YMom 9.42571E-02 1.06093E+01 5.30464E+00 9.81773E+01 2.64499E+01 5.00000E-01
YMom 9.42571E-02 1.06093E+01 5.30464E+00 9.81773E+01 2.64499E+01 5.00000E-01
  Bahcall SCRN 5.00000E+00 1.00000E+06 5.00000E-01 9.81773E+01 5.30464E+00 9.40810E-01 1.01572E+01 1.65714E-03 3.61051E-03
Conv  123    1  1.2381E-08  8.9186E-09  1.0000E-04
TS Success  123  1  1
  123 1.0000000E+02 1.9495889E+00 5.0000000E+00 1.0000000E+06 5.0000001E-01
End   123  5000 1.0000000E+02 1.0000000E+02
  he4 3.2439998E-01   c12 9.3599183E-07   o16 2.9806346E-06  ne20 3.2227245E-08
 mg24 1.2793626E-05  si28 1.8568888E-02   s32 2.4045161E-02  ar36 1.5732047E-02
 ca40 2.3682406E-02  ti44 6.5037868E-04  cr48 6.6554159E-03  fe52 6.5900800E-02
 ni56 5.2029385E-01  zn60 5.4338270E-05
CNT     1     1     5 1.000E-07 1.000E-08 1.000E-04 1.000E-01
  Flux Max   13  1.351E-02  he4  he4  he4 <->   c12 ===  ===  === 
    1  he4  c12 ===  <->   o16 ===  ===  ===     0  1.283E-02
    2  he4  o16 ===  <->  ne20 ===  ===  ===     0  1.281E-02
    3  he4 ne20 ===  <->  mg24 ===  ===  ===     0  1.313E-02
    4  he4 mg24 ===  <->  si28 ===  ===  ===     0  1.316E-02
    5  he4 si28 ===  <->   s32 ===  ===  ===     0  1.249E-02
    6  he4  s32 ===  <->  ar36 ===  ===  ===     0  1.174E-02
    7  he4 ar36 ===  <->  ca40 ===  ===  ===     0  1.130E-02
    8  he4 ca40 ===  <->  ti44 ===  ===  ===     0  1.071E-02
    9  he4 ti44 ===  <->  cr48 ===  ===  ===     0  1.070E-02
   10  he4 cr48 ===  <->  fe52 ===  ===  ===     0  1.056E-02
   11  he4 fe52 ===  <->  ni56 ===  ===  ===     0  9.292E-03
   12  he4 ni56 ===  <->  zn60 ===  ===  ===     0  9.061E-07
   13  he4  he4  he4 <->   c12 ===  ===  ===     0  1.351E-02
   14  c12  c12 ===  <->   he4 ne20 ===  ===     0  3.253E-04
   15  c12  o16 ===  <->   he4 mg24 ===  ===     0  2.262E-05
   16  o16  o16 ===  <->   he4 si28 ===  ===     0  2.279E-07
   17  c12 ne20 ===  <->   he4 si28 ===  ===     0  5.342E-12
Timers:      Total    Solver  Jacobian     Deriv CrossSect Screening     Setup    Output
         5.374E-02 1.654E-02 9.445E-03 5.024E-03 3.100E-03 6.063E-03 1.801E-02 5.939E-03
