NY= 150
 1.000E+00 1.000E+00 1.000E+00 1.000E+00 1.000E+00 1.000E+00 1.000E+00 1.000E+00
 1.000E+00 1.000E+00 1.000E+00 1.000E+00 1.000E+00 1.000E+00 1.000E+00 1.000E+00
 1.000E+00 1.000E+00 1.000E+00 1.000E+00 1.000E+00 1.000E+00 1.000E+00 1.000E+00
 1.000E+00 1.000E+00 1.000E+00 1.000E+00 1.000E+00 1.000E+00 1.000E+00 1.000E+00
 1.000E+00 1.000E+00 1.000E+00 1.000E+00 1.000E+00 1.000E+00 1.000E+00 1.000E+00
 1.000E+00 1.000E+00 1.000E+00 1.000E+00 1.000E+00 1.000E+00 1.000E+00 1.000E+00
 1.000E+00 1.000E+00 1.000E+00 1.000E+00 1.000E+00 1.000E+00 1.000E+00 1.000E+00
 1.000E+00 1.000E+00 1.000E+00 1.000E+00 1.000E+00 1.000E+00 1.000E+00 1.000E+00
 1.000E+00 1.000E+00 1.000E+00 1.000E+00 1.000E+00 1.000E+00 1.000E+00 1.000E+00
 1.000E+00 1.000E+00 1.000E+00 1.000E+00 1.000E+00 1.000E+00 1.000E+00 1.000E+00
 1.000E+00 1.000E+00 1.000E+00 1.000E+00 1.000E+00 1.000E+00 1.000E+00 1.000E+00
 1.000E+00 1.000E+00 1.000E+00 1.000E+00 1.000E+00 1.000E+00 1.000E+00 1.000E+00
 1.000E+00 1.000E+00 1.000E+00 1.000E+00 1.000E+00 1.000E+00 1.000E+00 1.000E+00
 1.000E+00 1.000E+00 1.000E+00 1.000E+00 1.000E+00 1.000E+00 1.000E+00 1.000E+00
 1.000E+00 1.000E+00 1.000E+00 1.000E+00 1.000E+00 1.000E+00 1.000E+00 1.000E+00
 1.000E+00 1.000E+00 1.000E+00 1.000E+00 1.000E+00 1.000E+00 1.000E+00 1.000E+00
 1.000E+00 1.000E+00 1.000E+00 1.000E+00 1.000E+00 1.000E+00 1.000E+00 1.000E+00
 1.000E+00 1.000E+00 1.000E+00 1.000E+00 1.000E+00 1.000E+00 1.000E+00 1.000E+00
 1.000E+00 1.000E+00 1.000E+00 1.000E+00 1.000E+00 1.000E+00
   1     1  3.660E+02
   1     2  1.000E+02
   1     3  1.100E+01
   1     4  4.000E+00
   1     5  1.400E+02
   1     6  3.000E+00
   1     7  6.000E+00
   1     8  4.000E+00
   1     9  9.000E+00
   1    10  1.000E+00
   1    11  3.000E+00
   1    12  5.000E+00
   1    13  1.000E+01
   1    14  8.000E+00
   1    15  9.000E+00
   1    16  4.000E+00
   1    17  1.200E+01
   1    18  5.000E+00
   1    19  2.000E+00
   1    20  5.000E+00
   1    21  6.000E+00
   1    22  1.100E+01
   1    23  6.000E+00
   1    24  3.000E+00
   1    25  6.000E+00
   1    26  5.000E+00
   1    27  3.000E+00
   1    28  5.000E+00
   1    29  6.000E+00
   1    30  8.000E+00
   1    31  5.000E+00
   1    32  4.000E+00
   1    33  6.000E+00
   1    34  5.000E+00
   1    35  4.000E+00
   1    36  5.000E+00
   1    37  8.000E+00
   1    38  6.000E+00
   1    39  3.000E+00
   1    40  4.000E+00
   1    41  9.000E+00
   1    42  3.000E+00
   1    43  3.000E+00
   1    44  6.000E+00
   1    45  4.000E+00
   1    46  4.000E+00
   1    47  3.000E+00
   1    48  3.000E+00
   1    49  6.000E+00
   1    50  4.000E+00
   1    51  5.000E+00
   1    52  3.000E+00
   1    53  3.000E+00
   1    54  6.000E+00
   1    55  6.000E+00
   1    56  5.000E+00
   1    57  3.000E+00
   1    58  3.000E+00
   1    59  5.000E+00
   1    60  5.000E+00
   1    61  6.000E+00
   1    62  3.000E+00
   1    63  3.000E+00
   1    64  7.000E+00
   1    65  5.000E+00
   1    66  5.000E+00
   1    67  3.000E+00
   1    68  3.000E+00
   1    69  4.000E+00
   1    70  4.000E+00
   1    71  6.000E+00
   1    72  5.000E+00
   1    73  3.000E+00
   1    74  6.000E+00
   1    75  4.000E+00
   1    76  5.000E+00
   1    77  4.000E+00
   1    78  4.000E+00
   1    79  4.000E+00
   1    80  4.000E+00
   1    81  2.000E+00
   1    82  4.000E+00
   1    83  7.000E+00
   1    84  5.000E+00
   1    85  5.000E+00
   1    86  5.000E+00
   1    87  5.000E+00
   1    88  2.000E+00
   1    89  3.000E+00
   1    90  5.000E+00
   1    91  6.000E+00
   1    92  6.000E+00
   1    93  6.000E+00
   1    94  6.000E+00
   1    95  4.000E+00
   1    96  3.000E+00
   1    97  5.000E+00
   1    98  6.000E+00
   1    99  6.000E+00
   1   100  6.000E+00
   1   101  4.000E+00
   1   102  3.000E+00
   1   103  5.000E+00
   1   104  6.000E+00
   1   105  6.000E+00
   1   106  5.000E+00
   1   107  5.000E+00
   1   108  3.000E+00
   1   109  4.000E+00
   1   110  5.000E+00
   1   111  6.000E+00
   1   112  6.000E+00
   1   113  6.000E+00
   1   114  3.000E+00
   1   115  3.000E+00
   1   116  6.000E+00
   1   117  6.000E+00
   1   118  6.000E+00
   1   119  5.000E+00
   1   120  5.000E+00
   1   121  3.000E+00
   1   122  3.000E+00
   1   123  5.000E+00
   1   124  5.000E+00
   1   125  6.000E+00
   1   126  6.000E+00
   1   127  6.000E+00
   1   128  3.000E+00
   1   129  4.000E+00
   1   130  6.000E+00
   1   131  6.000E+00
   1   132  6.000E+00
   1   133  5.000E+00
   1   134  5.000E+00
   1   135  3.000E+00
   1   136  3.000E+00
   1   137  4.000E+00
   1   138  5.000E+00
   1   139  5.000E+00
   1   140  5.000E+00
   1   141  5.000E+00
   1   142  2.000E+00
   1   143  3.000E+00
   1   144  4.000E+00
   1   145  4.000E+00
   1   146  4.000E+00
   1   147  4.000E+00
   1   148  3.000E+00
   1   149  3.000E+00
   1   150  1.000E+00
   2     1  9.800E+01
   2     2  4.730E+02
   2     3  1.400E+01
   2     4  1.000E+01
   2     5  1.810E+02
   2     6  7.000E+00
   2     7  8.000E+00
   2     8  9.000E+00
   2     9  1.300E+01
   2    10  3.000E+00
   2    11  6.000E+00
   2    12  1.000E+01
   2    13  1.300E+01
   2    14  5.000E+00
   2    15  9.000E+00
   2    16  6.000E+00
   2    17  1.400E+01
   2    18  1.400E+01
   2    19  9.000E+00
   2    20  8.000E+00
   2    21  1.300E+01
   2    22  8.000E+00
   2    23  9.000E+00
   2    24  1.100E+01
   2    25  1.200E+01
   2    26  1.700E+01
   2    27  1.000E+01
   2    28  6.000E+00
   2    29  1.000E+01
   2    30  6.000E+00
   2    31  8.000E+00
   2    32  1.100E+01
   2    33  1.000E+01
   2    34  1.300E+01
   2    35  7.000E+00
   2    36  1.000E+01
   2    37  5.000E+00
   2    38  7.000E+00
   2    39  4.000E+00
   2    40  4.000E+00
   2    41  8.000E+00
   2    42  1.100E+01
   2    43  9.000E+00
   2    44  6.000E+00
   2    45  6.000E+00
   2    46  2.000E+00
   2    47  2.000E+00
   2    48  4.000E+00
   2    49  5.000E+00
   2    50  1.300E+01
   2    51  6.000E+00
   2    52  5.000E+00
   2    53  1.200E+01
   2    54  6.000E+00
   2    55  5.000E+00
   2    56  3.000E+00
   2    57  3.000E+00
   2    58  5.000E+00
   2    59  3.000E+00
   2    60  1.100E+01
   2    61  6.000E+00
   2    62  5.000E+00
   2    63  1.000E+01
   2    64  6.000E+00
   2    65  5.000E+00
   2    66  3.000E+00
   2    67  3.000E+00
   2    68  5.000E+00
   2    69  3.000E+00
   2    70  5.000E+00
   2    71  6.000E+00
   2    72  8.000E+00
   2    73  4.000E+00
   2    74  5.000E+00
   2    75  5.000E+00
   2    76  4.000E+00
   2    77  5.000E+00
   2    78  3.000E+00
   2    79  3.000E+00
   2    80  2.000E+00
   2    81  2.000E+00
   2    82  5.000E+00
   2    83  6.000E+00
   2    84  6.000E+00
   2    85  6.000E+00
   2    86  6.000E+00
   2    87  5.000E+00
   2    88  4.000E+00
   2    89  3.000E+00
   2    90  4.000E+00
   2    91  6.000E+00
   2    92  6.000E+00
   2    93  6.000E+00
   2    94  5.000E+00
   2    95  4.000E+00
   2    96  3.000E+00
   2    97  8.000E+00
   2    98  6.000E+00
   2    99  6.000E+00
   2   100  6.000E+00
   2   101  5.000E+00
   2   102  6.000E+00
   2   103  5.000E+00
   2   104  6.000E+00
   2   105  6.000E+00
   2   106  5.000E+00
   2   107  3.000E+00
   2   108  3.000E+00
   2   109  3.000E+00
   2   110  5.000E+00
   2   111  6.000E+00
   2   112  6.000E+00
   2   113  6.000E+00
   2   114  5.000E+00
   2   115  4.000E+00
   2   116  6.000E+00
   2   117  6.000E+00
   2   118  6.000E+00
   2   119  5.000E+00
   2   120  3.000E+00
   2   121  3.000E+00
   2   122  3.000E+00
   2   123  3.000E+00
   2   124  5.000E+00
   2   125  6.000E+00
   2   126  6.000E+00
   2   127  6.000E+00
   2   128  5.000E+00
   2   129  9.000E+00
   2   130  6.000E+00
   2   131  6.000E+00
   2   132  6.000E+00
   2   133  5.000E+00
   2   134  3.000E+00
   2   135  3.000E+00
   2   136  7.000E+00
   2   137  6.000E+00
   2   138  6.000E+00
   2   139  6.000E+00
   2   140  6.000E+00
   2   141  6.000E+00
   2   142  5.000E+00
   2   143  5.000E+00
   2   144  3.000E+00
   2   145  3.000E+00
   2   146  3.000E+00
   2   147  3.000E+00
   2   148  2.000E+00
   2   149  1.000E+00
   2   150  1.000E+00
   3     1  1.000E+01
   3     2  1.900E+01
   3     3  3.400E+01
   3     4  5.000E+00
   3     5  1.500E+01
   3     6  4.000E+00
   3     7  2.000E+00
   3     8  2.000E+00
   3     9  3.000E+00
   3    14  1.000E+00
   3    15  2.000E+00
   3    17  1.000E+00
   3    18  2.000E+00
   4     1  3.000E+00
   4     2  8.000E+00
   4     3  6.000E+00
   4     4  2.500E+01
   4     5  8.000E+00
   4     6  1.000E+00
   4     7  1.000E+00
   4     8  3.000E+00
   5     1  1.350E+02
   5     2  1.720E+02
   5     3  1.100E+01
   5     4  1.200E+01
   5     5  4.940E+02
   5     6  9.000E+00
   5     7  1.000E+01
   5     8  7.000E+00
   5     9  1.500E+01
   5    10  2.000E+00
   5    11  7.000E+00
   5    12  1.400E+01
   5    13  2.100E+01
   5    14  3.000E+00
   5    15  1.100E+01
   5    16  2.000E+00
   5    17  1.200E+01
   5    18  1.300E+01
   5    19  1.000E+01
   5    20  8.000E+00
   5    21  1.900E+01
   5    22  1.200E+01
   5    23  1.400E+01
   5    24  9.000E+00
   5    25  1.000E+01
   5    26  1.500E+01
   5    27  1.200E+01
   5    28  6.000E+00
   5    29  1.700E+01
   5    30  1.000E+01
   5    31  1.400E+01
   5    32  1.200E+01
   5    33  7.000E+00
   5    34  9.000E+00
   5    35  3.000E+00
   5    36  1.300E+01
   5    37  9.000E+00
   5    38  9.000E+00
   5    39  2.000E+00
   5    40  4.000E+00
   5    41  8.000E+00
   5    42  8.000E+00
   5    43  1.100E+01
   5    44  7.000E+00
   5    45  6.000E+00
   5    46  2.000E+00
   5    47  2.000E+00
   5    48  4.000E+00
   5    49  6.000E+00
   5    50  7.000E+00
   5    51  4.000E+00
   5    52  4.000E+00
   5    53  8.000E+00
   5    54  6.000E+00
   5    55  8.000E+00
   5    56  5.000E+00
   5    57  4.000E+00
   5    58  4.000E+00
   5    59  5.000E+00
   5    60  9.000E+00
   5    61  6.000E+00
   5    62  5.000E+00
   5    63  5.000E+00
   5    64  7.000E+00
   5    65  7.000E+00
   5    66  5.000E+00
   5    67  4.000E+00
   5    68  3.000E+00
   5    69  3.000E+00
   5    70  5.000E+00
   5    71  6.000E+00
   5    72  7.000E+00
   5    73  5.000E+00
   5    74  6.000E+00
   5    75  6.000E+00
   5    76  6.000E+00
   5    77  6.000E+00
   5    78  3.000E+00
   5    79  3.000E+00
   5    80  1.000E+00
   5    82  6.000E+00
   5    83  7.000E+00
   5    84  5.000E+00
   5    85  4.000E+00
   5    86  4.000E+00
   5    87  2.000E+00
   5    88  1.000E+00
   5    89  4.000E+00
   5    90  5.000E+00
   5    91  6.000E+00
   5    92  6.000E+00
   5    93  6.000E+00
   5    94  5.000E+00
   5    95  5.000E+00
   5    96  3.000E+00
   5    97  6.000E+00
   5    98  6.000E+00
   5    99  6.000E+00
   5   100  6.000E+00
   5   101  6.000E+00
   5   102  4.000E+00
   5   103  6.000E+00
   5   104  6.000E+00
   5   105  6.000E+00
   5   106  6.000E+00
   5   107  5.000E+00
   5   108  4.000E+00
   5   109  5.000E+00
   5   110  6.000E+00
   5   111  6.000E+00
   5   112  6.000E+00
   5   113  6.000E+00
   5   114  5.000E+00
   5   115  4.000E+00
   5   116  6.000E+00
   5   117  6.000E+00
   5   118  6.000E+00
   5   119  6.000E+00
   5   120  5.000E+00
   5   121  4.000E+00
   5   122  3.000E+00
   5   123  5.000E+00
   5   124  6.000E+00
   5   125  6.000E+00
   5   126  6.000E+00
   5   127  6.000E+00
   5   128  5.000E+00
   5   129  6.000E+00
   5   130  6.000E+00
   5   131  6.000E+00
   5   132  6.000E+00
   5   133  6.000E+00
   5   134  5.000E+00
   5   135  4.000E+00
   5   136  3.000E+00
   5   137  3.000E+00
   5   138  4.000E+00
   5   139  4.000E+00
   5   140  4.000E+00
   5   141  4.000E+00
   5   142  3.000E+00
   5   143  1.000E+00
   5   144  3.000E+00
   5   145  3.000E+00
   5   146  3.000E+00
   5   147  3.000E+00
   5   148  3.000E+00
   5   149  3.000E+00
   5   150  2.000E+00
   6     1  3.000E+00
   6     2  7.000E+00
   6     3  4.000E+00
   6     4  1.000E+00
   6     5  9.000E+00
   6     6  2.300E+01
   6     7  2.000E+00
   6     8  2.000E+00
   6     9  3.000E+00
   6    11  2.000E+00
   7     1  5.000E+00
   7     2  7.000E+00
   7     3  2.000E+00
   7     4  1.000E+00
   7     5  1.400E+01
   7     6  2.000E+00
   7     7  2.400E+01
   7     8  3.000E+00
   7    11  1.000E+00
   7    12  3.000E+00
   8     1  4.000E+00
   8     2  8.000E+00
   8     3  2.000E+00
   8     4  3.000E+00
   8     5  8.000E+00
   8     6  2.000E+00
   8     7  2.000E+00
   8     8  2.400E+01
   8    10  2.000E+00
   8    11  2.000E+00
   9     1  7.000E+00
   9     2  1.100E+01
   9     3  3.000E+00
   9     5  1.800E+01
   9     6  3.000E+00
   9     9  2.800E+01
   9    11  3.000E+00
   9    13  5.000E+00
  10     1  1.000E+00
  10     2  3.000E+00
  10     5  2.000E+00
  10     8  2.000E+00
  10    10  1.400E+01
  11     1  3.000E+00
  11     2  6.000E+00
  11     5  7.000E+00
  11     6  2.000E+00
  11     7  1.000E+00
  11     8  2.000E+00
  11     9  3.000E+00
  11    11  2.100E+01
  11    12  1.000E+00
  11    14  1.000E+00
  11    16  1.000E+00
  12     1  5.000E+00
  12     2  1.000E+01
  12     5  1.800E+01
  12     7  3.000E+00
  12    11  1.000E+00
  12    12  2.800E+01
  12    13  3.000E+00
  12    15  5.000E+00
  12    17  4.000E+00
  13     1  9.000E+00
  13     2  1.200E+01
  13     5  2.600E+01
  13     9  5.000E+00
  13    12  3.000E+00
  13    13  4.400E+01
  13    14  2.000E+00
  13    16  2.000E+00
  13    18  4.000E+00
  13    20  1.000E+00
  13    21  6.000E+00
  13    29  3.000E+00
  13    34  1.000E+00
  13    35  1.000E+00
  13    36  1.000E+00
  13    42  1.000E+00
  13    43  1.000E+00
  13    50  1.000E+00
  14     1  8.000E+00
  14     2  5.000E+00
  14     3  1.000E+00
  14     5  3.000E+00
  14    11  1.000E+00
  14    13  2.000E+00
  14    14  2.200E+01
  14    15  2.000E+00
  14    16  2.000E+00
  14    17  4.000E+00
  14    21  2.000E+00
  15     1  9.000E+00
  15     2  9.000E+00
  15     3  2.000E+00
  15     5  1.100E+01
  15    12  5.000E+00
  15    14  2.000E+00
  15    15  3.000E+01
  15    17  2.000E+00
  15    18  4.000E+00
  15    22  3.000E+00
  15    23  3.000E+00
  16     1  4.000E+00
  16     2  6.000E+00
  16     5  2.000E+00
  16    11  1.000E+00
  16    13  2.000E+00
  16    14  1.000E+00
  16    16  2.000E+01
  16    17  2.000E+00
  16    19  2.000E+00
  16    21  1.000E+00
  17     1  1.200E+01
  17     2  1.400E+01
  17     3  1.000E+00
  17     5  1.200E+01
  17    12  4.000E+00
  17    14  4.000E+00
  17    15  3.000E+00
  17    16  2.000E+00
  17    17  3.600E+01
  17    18  1.000E+00
  17    19  2.000E+00
  17    20  4.000E+00
  17    22  4.000E+00
  17    24  1.000E+00
  17    25  3.000E+00
  18     1  5.000E+00
  18     2  1.400E+01
  18     3  2.000E+00
  18     5  1.300E+01
  18    13  4.000E+00
  18    15  4.000E+00
  18    17  1.000E+00
  18    18  3.200E+01
  18    20  2.000E+00
  18    21  3.000E+00
  18    23  4.000E+00
  18    25  1.000E+00
  18    26  4.000E+00
  19     1  2.000E+00
  19     2  9.000E+00
  19     5  1.000E+01
  19    16  2.000E+00
  19    17  1.000E+00
  19    19  2.500E+01
  19    20  1.000E+00
  19    24  6.000E+00
  19    27  4.000E+00
  20     1  5.000E+00
  20     2  8.000E+00
  20     5  8.000E+00
  20    13  1.000E+00
  20    17  4.000E+00
  20    18  1.000E+00
  20    19  1.000E+00
  20    20  2.600E+01
  20    21  1.000E+00
  20    25  3.000E+00
  20    27  1.000E+00
  20    28  3.000E+00
  21     1  6.000E+00
  21     2  1.200E+01
  21     5  1.800E+01
  21    13  6.000E+00
  21    14  2.000E+00
  21    16  1.000E+00
  21    18  3.000E+00
  21    20  1.000E+00
  21    21  3.900E+01
  21    22  2.000E+00
  21    24  1.000E+00
  21    26  5.000E+00
  21    28  1.000E+00
  21    29  3.000E+00
  21    36  1.000E+00
  21    42  1.000E+00
  21    43  1.000E+00
  21    50  1.000E+00
  22     1  1.100E+01
  22     2  8.000E+00
  22     5  1.200E+01
  22    15  3.000E+00
  22    17  4.000E+00
  22    21  2.000E+00
  22    22  3.000E+01
  22    23  2.000E+00
  22    24  2.000E+00
  22    25  3.000E+00
  22    29  3.000E+00
  22    30  2.000E+00
  23     1  6.000E+00
  23     2  9.000E+00
  23     5  1.400E+01
  23    15  3.000E+00
  23    18  4.000E+00
  23    22  2.000E+00
  23    23  3.100E+01
  23    25  2.000E+00
  23    26  4.000E+00
  23    30  3.000E+00
  23    31  4.000E+00
  24     1  3.000E+00
  24     2  1.100E+01
  24     5  9.000E+00
  24    17  1.000E+00
  24    19  6.000E+00
  24    21  1.000E+00
  24    22  1.000E+00
  24    24  2.500E+01
  24    25  1.000E+00
  24    27  2.000E+00
  24    29  1.000E+00
  24    32  1.000E+00
  25     1  6.000E+00
  25     2  1.200E+01
  25     5  1.000E+01
  25    17  3.000E+00
  25    18  1.000E+00
  25    20  3.000E+00
  25    22  3.000E+00
  25    23  1.000E+00
  25    24  1.000E+00
  25    25  3.100E+01
  25    26  1.000E+00
  25    27  2.000E+00
  25    28  3.000E+00
  25    30  1.000E+00
  25    32  1.000E+00
  25    33  1.000E+00
  26     1  5.000E+00
  26     2  1.700E+01
  26     5  1.500E+01
  26    18  4.000E+00
  26    21  5.000E+00
  26    23  4.000E+00
  26    25  1.000E+00
  26    26  3.500E+01
  26    28  3.000E+00
  26    29  3.000E+00
  26    31  3.000E+00
  26    33  2.000E+00
  26    34  1.000E+00
  27     1  3.000E+00
  27     2  1.000E+01
  27     5  1.200E+01
  27    19  4.000E+00
  27    20  1.000E+00
  27    24  2.000E+00
  27    25  1.000E+00
  27    27  2.700E+01
  27    28  1.000E+00
  27    32  7.000E+00
  28     1  5.000E+00
  28     2  6.000E+00
  28     5  6.000E+00
  28    20  3.000E+00
  28    21  1.000E+00
  28    25  3.000E+00
  28    26  2.000E+00
  28    27  1.000E+00
  28    28  2.400E+01
  28    29  1.000E+00
  28    33  1.000E+00
  28    35  1.000E+00
  29     1  6.000E+00
  29     2  1.000E+01
  29     5  1.700E+01
  29    13  4.000E+00
  29    21  3.000E+00
  29    22  3.000E+00
  29    24  1.000E+00
  29    26  3.000E+00
  29    28  1.000E+00
  29    29  3.500E+01
  29    30  1.000E+00
  29    32  2.000E+00
  29    34  3.000E+00
  29    35  1.000E+00
  29    36  4.000E+00
  29    39  1.000E+00
  29    43  1.000E+00
  29    50  1.000E+00
  30     1  8.000E+00
  30     2  6.000E+00
  30     5  1.000E+01
  30    22  2.000E+00
  30    23  3.000E+00
  30    25  1.000E+00
  30    29  1.000E+00
  30    30  2.700E+01
  30    31  1.000E+00
  30    32  2.000E+00
  30    33  4.000E+00
  30    36  2.000E+00
  30    37  2.000E+00
  31     1  5.000E+00
  31     2  8.000E+00
  31     5  1.400E+01
  31    23  4.000E+00
  31    26  3.000E+00
  31    30  1.000E+00
  31    31  3.000E+01
  31    33  2.000E+00
  31    34  4.000E+00
  31    37  3.000E+00
  31    38  4.000E+00
  32     1  4.000E+00
  32     2  1.100E+01
  32     5  1.200E+01
  32    24  1.000E+00
  32    25  1.000E+00
  32    27  7.000E+00
  32    29  2.000E+00
  32    30  1.000E+00
  32    32  2.700E+01
  32    33  1.000E+00
  32    36  1.000E+00
  32    39  1.000E+00
  32    40  1.000E+00
  33     1  6.000E+00
  33     2  1.000E+01
  33     5  7.000E+00
  33    25  1.000E+00
  33    26  2.000E+00
  33    28  1.000E+00
  33    30  4.000E+00
  33    31  1.000E+00
  33    32  1.000E+00
  33    33  2.800E+01
  33    34  1.000E+00
  33    35  3.000E+00
  33    37  1.000E+00
  33    40  1.000E+00
  33    41  1.000E+00
  34     1  5.000E+00
  34     2  1.300E+01
  34     5  9.000E+00
  34    13  2.000E+00
  34    26  1.000E+00
  34    29  3.000E+00
  34    31  4.000E+00
  34    33  1.000E+00
  34    34  2.900E+01
  34    35  2.000E+00
  34    36  3.000E+00
  34    38  1.000E+00
  34    39  1.000E+00
  34    41  3.000E+00
  34    42  1.000E+00
  35     1  4.000E+00
  35     2  7.000E+00
  35     5  3.000E+00
  35    13  2.000E+00
  35    28  1.000E+00
  35    29  1.000E+00
  35    33  3.000E+00
  35    34  1.000E+00
  35    35  2.200E+01
  35    36  1.000E+00
  35    39  2.000E+00
  35    41  1.000E+00
  36     1  5.000E+00
  36     2  1.000E+01
  36     5  1.300E+01
  36    13  1.000E+00
  36    21  1.000E+00
  36    29  4.000E+00
  36    30  2.000E+00
  36    32  1.000E+00
  36    34  3.000E+00
  36    35  1.000E+00
  36    36  3.100E+01
  36    37  1.000E+00
  36    39  2.000E+00
  36    40  2.000E+00
  36    42  3.000E+00
  36    43  2.000E+00
  37     1  8.000E+00
  37     2  5.000E+00
  37     5  9.000E+00
  37    30  2.000E+00
  37    31  3.000E+00
  37    33  1.000E+00
  37    36  1.000E+00
  37    37  2.500E+01
  37    38  1.000E+00
  37    40  2.000E+00
  37    41  3.000E+00
  37    43  2.000E+00
  37    44  1.000E+00
  38     1  6.000E+00
  38     2  7.000E+00
  38     5  9.000E+00
  38    31  4.000E+00
  38    34  1.000E+00
  38    37  1.000E+00
  38    38  2.600E+01
  38    41  5.000E+00
  38    42  3.000E+00
  38    44  2.000E+00
  38    45  2.000E+00
  39     1  3.000E+00
  39     2  3.000E+00
  39     5  1.000E+00
  39    32  1.000E+00
  39    35  2.000E+00
  39    36  1.000E+00
  39    39  1.800E+01
  39    40  1.000E+00
  40     1  4.000E+00
  40     2  4.000E+00
  40     5  4.000E+00
  40    32  1.000E+00
  40    33  1.000E+00
  40    36  2.000E+00
  40    37  1.000E+00
  40    39  1.000E+00
  40    40  2.000E+01
  40    41  1.000E+00
  40    43  1.000E+00
  40    48  1.000E+00
  41     1  9.000E+00
  41     2  8.000E+00
  41     5  8.000E+00
  41    33  1.000E+00
  41    34  3.000E+00
  41    35  1.000E+00
  41    37  3.000E+00
  41    38  3.000E+00
  41    40  1.000E+00
  41    41  2.800E+01
  41    42  1.000E+00
  41    44  1.000E+00
  41    48  1.000E+00
  41    49  1.000E+00
  42     1  3.000E+00
  42     2  1.100E+01
  42     5  8.000E+00
  42    13  1.000E+00
  42    21  1.000E+00
  42    34  1.000E+00
  42    36  3.000E+00
  42    38  3.000E+00
  42    41  1.000E+00
  42    42  2.600E+01
  42    43  3.000E+00
  42    45  1.000E+00
  42    49  2.000E+00
  42    50  1.000E+00
  43     1  3.000E+00
  43     2  9.000E+00
  43     5  1.100E+01
  43    13  1.000E+00
  43    21  2.000E+00
  43    29  1.000E+00
  43    36  2.000E+00
  43    37  2.000E+00
  43    40  1.000E+00
  43    42  3.000E+00
  43    43  2.700E+01
  43    44  1.000E+00
  43    48  2.000E+00
  43    50  3.000E+00
  43    53  1.000E+00
  44     1  6.000E+00
  44     2  6.000E+00
  44     5  7.000E+00
  44    37  1.000E+00
  44    38  2.000E+00
  44    41  1.000E+00
  44    43  1.000E+00
  44    44  2.300E+01
  44    45  1.000E+00
  44    48  2.000E+00
  44    49  3.000E+00
  44    51  1.000E+00
  44    53  1.000E+00
  44    54  1.000E+00
  45     1  4.000E+00
  45     2  6.000E+00
  45     5  6.000E+00
  45    38  2.000E+00
  45    42  1.000E+00
  45    44  1.000E+00
  45    45  2.200E+01
  45    46  1.000E+00
  45    49  2.000E+00
  45    50  3.000E+00
  45    52  1.000E+00
  45    54  1.000E+00
  45    55  1.000E+00
  46     1  4.000E+00
  46     2  2.000E+00
  46     5  2.000E+00
  46    45  1.000E+00
  46    46  1.700E+01
  46    47  1.000E+00
  46    50  1.000E+00
  46    51  1.000E+00
  46    55  1.000E+00
  46    56  1.000E+00
  47     1  3.000E+00
  47     2  2.000E+00
  47     5  2.000E+00
  47    46  1.000E+00
  47    47  1.600E+01
  47    51  1.000E+00
  47    52  1.000E+00
  47    56  1.000E+00
  47    57  1.000E+00
  48     1  3.000E+00
  48     2  4.000E+00
  48     5  4.000E+00
  48    40  1.000E+00
  48    41  1.000E+00
  48    43  2.000E+00
  48    44  1.000E+00
  48    48  1.900E+01
  48    49  1.000E+00
  48    53  1.000E+00
  48    58  1.000E+00
  49     1  6.000E+00
  49     2  5.000E+00
  49     5  6.000E+00
  49    41  1.000E+00
  49    42  2.000E+00
  49    44  3.000E+00
  49    45  1.000E+00
  49    48  1.000E+00
  49    49  2.300E+01
  49    50  1.000E+00
  49    54  1.000E+00
  49    58  1.000E+00
  49    59  1.000E+00
  50     1  4.000E+00
  50     2  1.300E+01
  50     5  7.000E+00
  50    13  1.000E+00
  50    21  2.000E+00
  50    29  1.000E+00
  50    42  1.000E+00
  50    43  3.000E+00
  50    45  3.000E+00
  50    46  2.000E+00
  50    49  1.000E+00
  50    50  2.800E+01
  50    51  1.000E+00
  50    53  3.000E+00
  50    55  1.000E+00
  50    59  1.000E+00
  50    60  1.000E+00
  51     1  5.000E+00
  51     2  6.000E+00
  51     5  4.000E+00
  51    44  1.000E+00
  51    46  1.000E+00
  51    47  2.000E+00
  51    50  1.000E+00
  51    51  2.100E+01
  51    52  1.000E+00
  51    53  1.000E+00
  51    54  1.000E+00
  51    56  1.000E+00
  51    60  1.000E+00
  51    61  1.000E+00
  52     1  3.000E+00
  52     2  5.000E+00
  52     5  4.000E+00
  52    45  1.000E+00
  52    47  1.000E+00
  52    51  1.000E+00
  52    52  1.900E+01
  52    54  1.000E+00
  52    55  1.000E+00
  52    57  1.000E+00
  52    61  1.000E+00
  52    62  1.000E+00
  53     1  3.000E+00
  53     2  1.200E+01
  53     5  8.000E+00
  53    43  1.000E+00
  53    44  1.000E+00
  53    48  1.000E+00
  53    50  3.000E+00
  53    51  2.000E+00
  53    53  2.600E+01
  53    54  1.000E+00
  53    58  3.000E+00
  53    60  4.000E+00
  53    63  1.000E+00
  54     1  6.000E+00
  54     2  6.000E+00
  54     5  6.000E+00
  54    44  1.000E+00
  54    45  1.000E+00
  54    49  1.000E+00
  54    51  1.000E+00
  54    52  2.000E+00
  54    53  1.000E+00
  54    54  2.200E+01
  54    55  1.000E+00
  54    58  2.000E+00
  54    59  1.000E+00
  54    61  1.000E+00
  54    63  1.000E+00
  54    64  1.000E+00
  55     1  6.000E+00
  55     2  5.000E+00
  55     5  8.000E+00
  55    45  1.000E+00
  55    46  1.000E+00
  55    50  1.000E+00
  55    52  1.000E+00
  55    54  1.000E+00
  55    55  2.300E+01
  55    56  1.000E+00
  55    59  2.000E+00
  55    60  1.000E+00
  55    62  1.000E+00
  55    64  2.000E+00
  55    65  2.000E+00
  56     1  5.000E+00
  56     2  3.000E+00
  56     5  5.000E+00
  56    46  1.000E+00
  56    47  1.000E+00
  56    51  1.000E+00
  56    55  1.000E+00
  56    56  2.000E+01
  56    57  1.000E+00
  56    60  1.000E+00
  56    61  1.000E+00
  56    65  1.000E+00
  56    66  1.000E+00
  57     1  3.000E+00
  57     2  3.000E+00
  57     5  4.000E+00
  57    47  1.000E+00
  57    52  1.000E+00
  57    56  1.000E+00
  57    57  1.700E+01
  57    61  2.000E+00
  57    62  1.000E+00
  57    66  1.000E+00
  57    67  1.000E+00
  58     1  3.000E+00
  58     2  5.000E+00
  58     5  4.000E+00
  58    48  1.000E+00
  58    49  1.000E+00
  58    53  3.000E+00
  58    54  1.000E+00
  58    58  2.000E+01
  58    59  1.000E+00
  58    63  1.000E+00
  58    68  1.000E+00
  59     1  5.000E+00
  59     2  3.000E+00
  59     5  5.000E+00
  59    49  1.000E+00
  59    50  1.000E+00
  59    54  1.000E+00
  59    55  1.000E+00
  59    58  1.000E+00
  59    59  2.000E+01
  59    60  1.000E+00
  59    64  1.000E+00
  59    68  1.000E+00
  59    69  1.000E+00
  60     1  5.000E+00
  60     2  1.100E+01
  60     5  9.000E+00
  60    50  1.000E+00
  60    51  1.000E+00
  60    53  4.000E+00
  60    55  1.000E+00
  60    56  2.000E+00
  60    59  1.000E+00
  60    60  2.700E+01
  60    61  1.000E+00
  60    63  4.000E+00
  60    65  1.000E+00
  60    69  1.000E+00
  60    70  1.000E+00
  61     1  6.000E+00
  61     2  6.000E+00
  61     5  6.000E+00
  61    51  1.000E+00
  61    52  1.000E+00
  61    54  1.000E+00
  61    56  1.000E+00
  61    57  1.000E+00
  61    60  1.000E+00
  61    61  2.400E+01
  61    62  1.000E+00
  61    63  1.000E+00
  61    64  1.000E+00
  61    66  1.000E+00
  61    70  1.000E+00
  61    71  1.000E+00
  62     1  3.000E+00
  62     2  5.000E+00
  62     5  5.000E+00
  62    52  1.000E+00
  62    55  1.000E+00
  62    57  1.000E+00
  62    61  1.000E+00
  62    62  1.900E+01
  62    64  2.000E+00
  62    65  1.000E+00
  62    67  1.000E+00
  62    71  1.000E+00
  62    72  1.000E+00
  63     1  3.000E+00
  63     2  1.000E+01
  63     5  5.000E+00
  63    53  1.000E+00
  63    54  1.000E+00
  63    58  1.000E+00
  63    60  4.000E+00
  63    61  2.000E+00
  63    63  2.400E+01
  63    64  1.000E+00
  63    68  3.000E+00
  63    70  1.000E+00
  63    73  1.000E+00
  64     1  7.000E+00
  64     2  6.000E+00
  64     5  7.000E+00
  64    54  1.000E+00
  64    55  2.000E+00
  64    59  1.000E+00
  64    61  1.000E+00
  64    62  1.000E+00
  64    63  1.000E+00
  64    64  2.400E+01
  64    65  1.000E+00
  64    68  2.000E+00
  64    69  1.000E+00
  64    71  1.000E+00
  64    73  1.000E+00
  64    74  1.000E+00
  65     1  5.000E+00
  65     2  5.000E+00
  65     5  7.000E+00
  65    55  2.000E+00
  65    56  1.000E+00
  65    60  1.000E+00
  65    62  1.000E+00
  65    64  1.000E+00
  65    65  2.200E+01
  65    66  1.000E+00
  65    69  2.000E+00
  65    70  1.000E+00
  65    72  1.000E+00
  65    74  1.000E+00
  65    75  1.000E+00
  66     1  5.000E+00
  66     2  3.000E+00
  66     5  5.000E+00
  66    56  1.000E+00
  66    57  1.000E+00
  66    61  1.000E+00
  66    65  1.000E+00
  66    66  2.000E+01
  66    67  1.000E+00
  66    70  1.000E+00
  66    71  1.000E+00
  66    75  1.000E+00
  66    76  1.000E+00
  67     1  3.000E+00
  67     2  3.000E+00
  67     5  4.000E+00
  67    57  1.000E+00
  67    62  1.000E+00
  67    66  1.000E+00
  67    67  1.700E+01
  67    71  2.000E+00
  67    72  1.000E+00
  67    76  1.000E+00
  67    77  1.000E+00
  68     1  3.000E+00
  68     2  5.000E+00
  68     5  3.000E+00
  68    58  1.000E+00
  68    59  1.000E+00
  68    63  3.000E+00
  68    64  1.000E+00
  68    68  1.900E+01
  68    69  1.000E+00
  68    73  1.000E+00
  69     1  4.000E+00
  69     2  3.000E+00
  69     5  3.000E+00
  69    59  1.000E+00
  69    60  1.000E+00
  69    64  1.000E+00
  69    65  1.000E+00
  69    68  1.000E+00
  69    69  1.800E+01
  69    70  1.000E+00
  69    74  1.000E+00
  70     1  4.000E+00
  70     2  5.000E+00
  70     5  5.000E+00
  70    60  1.000E+00
  70    61  1.000E+00
  70    63  1.000E+00
  70    65  1.000E+00
  70    66  2.000E+00
  70    69  1.000E+00
  70    70  2.000E+01
  70    71  1.000E+00
  70    73  1.000E+00
  70    75  1.000E+00
  70    82  1.000E+00
  71     1  6.000E+00
  71     2  6.000E+00
  71     5  6.000E+00
  71    61  1.000E+00
  71    62  1.000E+00
  71    64  1.000E+00
  71    66  1.000E+00
  71    67  1.000E+00
  71    70  1.000E+00
  71    71  2.400E+01
  71    72  1.000E+00
  71    73  1.000E+00
  71    74  1.000E+00
  71    76  1.000E+00
  71    82  1.000E+00
  71    83  1.000E+00
  72     1  5.000E+00
  72     2  8.000E+00
  72     5  7.000E+00
  72    62  1.000E+00
  72    65  1.000E+00
  72    67  1.000E+00
  72    71  1.000E+00
  72    72  2.300E+01
  72    74  3.000E+00
  72    75  2.000E+00
  72    77  2.000E+00
  72    83  2.000E+00
  72    84  1.000E+00
  73     1  3.000E+00
  73     2  4.000E+00
  73     5  5.000E+00
  73    63  1.000E+00
  73    64  1.000E+00
  73    68  1.000E+00
  73    70  1.000E+00
  73    71  2.000E+00
  73    73  1.800E+01
  73    74  1.000E+00
  73    82  1.000E+00
  73    89  1.000E+00
  74     1  6.000E+00
  74     2  5.000E+00
  74     5  6.000E+00
  74    64  1.000E+00
  74    65  1.000E+00
  74    69  1.000E+00
  74    71  1.000E+00
  74    72  2.000E+00
  74    73  1.000E+00
  74    74  2.200E+01
  74    75  1.000E+00
  74    83  1.000E+00
  74    89  1.000E+00
  74    90  1.000E+00
  75     1  4.000E+00
  75     2  5.000E+00
  75     5  6.000E+00
  75    65  1.000E+00
  75    66  1.000E+00
  75    70  1.000E+00
  75    72  2.000E+00
  75    74  1.000E+00
  75    75  2.100E+01
  75    76  1.000E+00
  75    82  1.000E+00
  75    84  1.000E+00
  75    90  1.000E+00
  75    91  1.000E+00
  76     1  5.000E+00
  76     2  4.000E+00
  76     5  6.000E+00
  76    66  1.000E+00
  76    67  1.000E+00
  76    71  1.000E+00
  76    75  1.000E+00
  76    76  2.000E+01
  76    77  1.000E+00
  76    82  2.000E+00
  76    83  1.000E+00
  76    85  1.000E+00
  76    91  1.000E+00
  76    92  1.000E+00
  77     1  4.000E+00
  77     2  5.000E+00
  77     5  6.000E+00
  77    67  1.000E+00
  77    72  2.000E+00
  77    76  1.000E+00
  77    77  2.000E+01
  77    78  1.000E+00
  77    83  2.000E+00
  77    84  1.000E+00
  77    86  1.000E+00
  77    92  1.000E+00
  77    93  1.000E+00
  78     1  4.000E+00
  78     2  3.000E+00
  78     5  3.000E+00
  78    77  1.000E+00
  78    78  1.800E+01
  78    79  1.000E+00
  78    84  1.000E+00
  78    85  1.000E+00
  78    87  1.000E+00
  78    93  1.000E+00
  78    94  1.000E+00
  79     1  4.000E+00
  79     2  3.000E+00
  79     5  3.000E+00
  79    78  1.000E+00
  79    79  1.700E+01
  79    80  1.000E+00
  79    85  2.000E+00
  79    86  1.000E+00
  79    88  1.000E+00
  79    94  1.000E+00
  79    95  1.000E+00
  80     1  4.000E+00
  80     2  2.000E+00
  80     5  1.000E+00
  80    79  1.000E+00
  80    80  1.600E+01
  80    81  1.000E+00
  80    86  1.000E+00
  80    87  1.000E+00
  80    95  1.000E+00
  81     1  2.000E+00
  81     2  2.000E+00
  81    80  1.000E+00
  81    81  1.400E+01
  81    87  1.000E+00
  81    88  1.000E+00
  82     1  4.000E+00
  82     2  5.000E+00
  82     5  6.000E+00
  82    70  1.000E+00
  82    71  1.000E+00
  82    73  1.000E+00
  82    75  1.000E+00
  82    76  1.000E+00
  82    82  2.100E+01
  82    83  1.000E+00
  82    89  1.000E+00
  82    91  1.000E+00
  82    96  1.000E+00
  82    97  1.000E+00
  83     1  7.000E+00
  83     2  6.000E+00
  83     5  7.000E+00
  83    71  1.000E+00
  83    72  2.000E+00
  83    74  1.000E+00
  83    76  1.000E+00
  83    77  1.000E+00
  83    82  1.000E+00
  83    83  2.400E+01
  83    84  1.000E+00
  83    89  2.000E+00
  83    90  1.000E+00
  83    92  1.000E+00
  83    97  1.000E+00
  83    98  1.000E+00
  84     1  5.000E+00
  84     2  6.000E+00
  84     5  5.000E+00
  84    72  1.000E+00
  84    75  1.000E+00
  84    77  1.000E+00
  84    78  2.000E+00
  84    83  1.000E+00
  84    84  2.100E+01
  84    85  1.000E+00
  84    90  2.000E+00
  84    91  1.000E+00
  84    93  1.000E+00
  84    98  1.000E+00
  84    99  1.000E+00
  85     1  5.000E+00
  85     2  6.000E+00
  85     5  4.000E+00
  85    76  1.000E+00
  85    78  1.000E+00
  85    79  1.000E+00
  85    84  1.000E+00
  85    85  2.200E+01
  85    86  1.000E+00
  85    91  1.000E+00
  85    92  1.000E+00
  85    94  1.000E+00
  85    99  1.000E+00
  85   100  1.000E+00
  86     1  5.000E+00
  86     2  6.000E+00
  86     5  4.000E+00
  86    77  1.000E+00
  86    79  1.000E+00
  86    80  2.000E+00
  86    85  1.000E+00
  86    86  2.100E+01
  86    87  1.000E+00
  86    92  1.000E+00
  86    93  1.000E+00
  86    95  1.000E+00
  86   100  1.000E+00
  86   101  1.000E+00
  87     1  5.000E+00
  87     2  5.000E+00
  87     5  2.000E+00
  87    78  1.000E+00
  87    80  1.000E+00
  87    81  2.000E+00
  87    86  1.000E+00
  87    87  1.900E+01
  87    88  1.000E+00
  87    93  1.000E+00
  87    94  1.000E+00
  87   101  1.000E+00
  88     1  2.000E+00
  88     2  4.000E+00
  88     5  1.000E+00
  88    79  1.000E+00
  88    81  1.000E+00
  88    87  1.000E+00
  88    88  1.600E+01
  88    94  1.000E+00
  88    95  1.000E+00
  89     1  3.000E+00
  89     2  3.000E+00
  89     5  4.000E+00
  89    73  1.000E+00
  89    74  1.000E+00
  89    82  1.000E+00
  89    83  1.000E+00
  89    89  1.800E+01
  89    90  1.000E+00
  89    97  1.000E+00
  89   102  1.000E+00
  90     1  5.000E+00
  90     2  4.000E+00
  90     5  5.000E+00
  90    74  1.000E+00
  90    75  1.000E+00
  90    83  1.000E+00
  90    84  1.000E+00
  90    89  1.000E+00
  90    90  2.100E+01
  90    91  1.000E+00
  90    96  1.000E+00
  90    98  1.000E+00
  90   102  1.000E+00
  90   103  1.000E+00
  91     1  6.000E+00
  91     2  6.000E+00
  91     5  6.000E+00
  91    75  1.000E+00
  91    76  1.000E+00
  91    82  1.000E+00
  91    84  1.000E+00
  91    85  2.000E+00
  91    90  1.000E+00
  91    91  2.200E+01
  91    92  1.000E+00
  91    96  2.000E+00
  91    97  1.000E+00
  91    99  1.000E+00
  91   103  1.000E+00
  91   104  1.000E+00
  92     1  6.000E+00
  92     2  6.000E+00
  92     5  6.000E+00
  92    76  1.000E+00
  92    77  1.000E+00
  92    83  1.000E+00
  92    85  1.000E+00
  92    86  2.000E+00
  92    91  1.000E+00
  92    92  2.200E+01
  92    93  1.000E+00
  92    97  2.000E+00
  92    98  1.000E+00
  92   100  1.000E+00
  92   104  1.000E+00
  92   105  1.000E+00
  93     1  6.000E+00
  93     2  6.000E+00
  93     5  6.000E+00
  93    77  1.000E+00
  93    78  1.000E+00
  93    84  1.000E+00
  93    86  1.000E+00
  93    87  2.000E+00
  93    92  1.000E+00
  93    93  2.200E+01
  93    94  1.000E+00
  93    98  2.000E+00
  93    99  1.000E+00
  93   101  1.000E+00
  93   105  1.000E+00
  93   106  1.000E+00
  94     1  6.000E+00
  94     2  5.000E+00
  94     5  5.000E+00
  94    78  1.000E+00
  94    79  1.000E+00
  94    85  1.000E+00
  94    87  1.000E+00
  94    88  2.000E+00
  94    93  1.000E+00
  94    94  2.100E+01
  94    95  1.000E+00
  94    99  2.000E+00
  94   100  1.000E+00
  94   106  1.000E+00
  94   107  1.000E+00
  95     1  4.000E+00
  95     2  4.000E+00
  95     5  5.000E+00
  95    79  1.000E+00
  95    80  1.000E+00
  95    86  1.000E+00
  95    88  1.000E+00
  95    94  1.000E+00
  95    95  1.900E+01
  95   100  2.000E+00
  95   101  1.000E+00
  95   107  1.000E+00
  95   108  1.000E+00
  96     1  3.000E+00
  96     2  3.000E+00
  96     5  3.000E+00
  96    82  1.000E+00
  96    90  1.000E+00
  96    91  1.000E+00
  96    96  1.700E+01
  96    97  1.000E+00
  96   103  1.000E+00
  96   109  1.000E+00
  97     1  5.000E+00
  97     2  8.000E+00
  97     5  6.000E+00
  97    82  1.000E+00
  97    83  1.000E+00
  97    89  1.000E+00
  97    91  1.000E+00
  97    92  1.000E+00
  97    96  1.000E+00
  97    97  2.500E+01
  97    98  1.000E+00
  97   102  4.000E+00
  97   104  1.000E+00
  97   109  1.000E+00
  97   110  1.000E+00
  98     1  6.000E+00
  98     2  6.000E+00
  98     5  6.000E+00
  98    83  1.000E+00
  98    84  1.000E+00
  98    90  1.000E+00
  98    92  1.000E+00
  98    93  1.000E+00
  98    97  1.000E+00
  98    98  2.300E+01
  98    99  1.000E+00
  98   102  2.000E+00
  98   103  1.000E+00
  98   105  1.000E+00
  98   110  1.000E+00
  98   111  1.000E+00
  99     1  6.000E+00
  99     2  6.000E+00
  99     5  6.000E+00
  99    84  1.000E+00
  99    85  1.000E+00
  99    91  1.000E+00
  99    93  1.000E+00
  99    94  1.000E+00
  99    98  1.000E+00
  99    99  2.300E+01
  99   100  1.000E+00
  99   103  2.000E+00
  99   104  1.000E+00
  99   106  1.000E+00
  99   111  1.000E+00
  99   112  1.000E+00
 100     1  6.000E+00
 100     2  6.000E+00
 100     5  6.000E+00
 100    85  1.000E+00
 100    86  1.000E+00
 100    92  1.000E+00
 100    94  1.000E+00
 100    95  1.000E+00
 100    99  1.000E+00
 100   100  2.400E+01
 100   101  1.000E+00
 100   104  1.000E+00
 100   105  1.000E+00
 100   107  1.000E+00
 100   112  1.000E+00
 100   113  1.000E+00
 101     1  4.000E+00
 101     2  5.000E+00
 101     5  6.000E+00
 101    86  1.000E+00
 101    87  1.000E+00
 101    93  1.000E+00
 101    95  1.000E+00
 101   100  1.000E+00
 101   101  2.000E+01
 101   105  2.000E+00
 101   106  1.000E+00
 101   108  1.000E+00
 101   113  1.000E+00
 101   114  1.000E+00
 102     1  3.000E+00
 102     2  6.000E+00
 102     5  4.000E+00
 102    89  1.000E+00
 102    90  1.000E+00
 102    97  4.000E+00
 102    98  1.000E+00
 102   102  2.100E+01
 102   103  1.000E+00
 102   110  1.000E+00
 102   115  1.000E+00
 103     1  5.000E+00
 103     2  5.000E+00
 103     5  6.000E+00
 103    90  1.000E+00
 103    91  1.000E+00
 103    96  1.000E+00
 103    98  1.000E+00
 103    99  1.000E+00
 103   102  1.000E+00
 103   103  2.200E+01
 103   104  1.000E+00
 103   109  1.000E+00
 103   111  1.000E+00
 103   115  1.000E+00
 103   116  1.000E+00
 104     1  6.000E+00
 104     2  6.000E+00
 104     5  6.000E+00
 104    91  1.000E+00
 104    92  1.000E+00
 104    97  1.000E+00
 104    99  1.000E+00
 104   100  2.000E+00
 104   103  1.000E+00
 104   104  2.200E+01
 104   105  1.000E+00
 104   109  2.000E+00
 104   110  1.000E+00
 104   112  1.000E+00
 104   116  1.000E+00
 104   117  1.000E+00
 105     1  6.000E+00
 105     2  6.000E+00
 105     5  6.000E+00
 105    92  1.000E+00
 105    93  1.000E+00
 105    98  1.000E+00
 105   100  1.000E+00
 105   101  1.000E+00
 105   104  1.000E+00
 105   105  2.300E+01
 105   106  1.000E+00
 105   110  2.000E+00
 105   111  1.000E+00
 105   113  1.000E+00
 105   117  1.000E+00
 105   118  1.000E+00
 106     1  5.000E+00
 106     2  5.000E+00
 106     5  6.000E+00
 106    93  1.000E+00
 106    94  1.000E+00
 106    99  1.000E+00
 106   101  1.000E+00
 106   105  1.000E+00
 106   106  2.100E+01
 106   107  1.000E+00
 106   111  2.000E+00
 106   112  1.000E+00
 106   114  1.000E+00
 106   118  1.000E+00
 106   119  1.000E+00
 107     1  5.000E+00
 107     2  3.000E+00
 107     5  5.000E+00
 107    94  1.000E+00
 107    95  1.000E+00
 107   100  1.000E+00
 107   106  1.000E+00
 107   107  1.900E+01
 107   108  1.000E+00
 107   112  2.000E+00
 107   113  1.000E+00
 107   119  1.000E+00
 107   120  1.000E+00
 108     1  3.000E+00
 108     2  3.000E+00
 108     5  4.000E+00
 108    95  1.000E+00
 108   101  1.000E+00
 108   107  1.000E+00
 108   108  1.700E+01
 108   113  2.000E+00
 108   114  1.000E+00
 108   120  1.000E+00
 108   121  1.000E+00
 109     1  4.000E+00
 109     2  3.000E+00
 109     5  5.000E+00
 109    96  1.000E+00
 109    97  1.000E+00
 109   103  1.000E+00
 109   104  1.000E+00
 109   109  1.900E+01
 109   110  1.000E+00
 109   116  1.000E+00
 109   122  1.000E+00
 109   123  1.000E+00
 110     1  5.000E+00
 110     2  5.000E+00
 110     5  6.000E+00
 110    97  1.000E+00
 110    98  1.000E+00
 110   102  1.000E+00
 110   104  1.000E+00
 110   105  1.000E+00
 110   109  1.000E+00
 110   110  2.200E+01
 110   111  1.000E+00
 110   115  1.000E+00
 110   117  1.000E+00
 110   123  1.000E+00
 110   124  1.000E+00
 111     1  6.000E+00
 111     2  6.000E+00
 111     5  6.000E+00
 111    98  1.000E+00
 111    99  1.000E+00
 111   103  1.000E+00
 111   105  1.000E+00
 111   106  1.000E+00
 111   110  1.000E+00
 111   111  2.300E+01
 111   112  1.000E+00
 111   115  2.000E+00
 111   116  1.000E+00
 111   118  1.000E+00
 111   124  1.000E+00
 111   125  1.000E+00
 112     1  6.000E+00
 112     2  6.000E+00
 112     5  6.000E+00
 112    99  1.000E+00
 112   100  1.000E+00
 112   104  1.000E+00
 112   106  1.000E+00
 112   107  1.000E+00
 112   111  1.000E+00
 112   112  2.300E+01
 112   113  1.000E+00
 112   116  2.000E+00
 112   117  1.000E+00
 112   119  1.000E+00
 112   125  1.000E+00
 112   126  1.000E+00
 113     1  6.000E+00
 113     2  6.000E+00
 113     5  6.000E+00
 113   100  1.000E+00
 113   101  1.000E+00
 113   105  1.000E+00
 113   107  1.000E+00
 113   108  1.000E+00
 113   112  1.000E+00
 113   113  2.400E+01
 113   114  1.000E+00
 113   117  1.000E+00
 113   118  1.000E+00
 113   120  1.000E+00
 113   126  1.000E+00
 113   127  1.000E+00
 114     1  3.000E+00
 114     2  5.000E+00
 114     5  5.000E+00
 114   101  1.000E+00
 114   106  1.000E+00
 114   108  1.000E+00
 114   113  1.000E+00
 114   114  1.900E+01
 114   118  2.000E+00
 114   119  1.000E+00
 114   121  1.000E+00
 114   127  1.000E+00
 114   128  1.000E+00
 115     1  3.000E+00
 115     2  4.000E+00
 115     5  4.000E+00
 115   102  1.000E+00
 115   103  1.000E+00
 115   110  1.000E+00
 115   111  1.000E+00
 115   115  1.900E+01
 115   116  1.000E+00
 115   122  1.000E+00
 115   124  1.000E+00
 115   129  1.000E+00
 116     1  6.000E+00
 116     2  6.000E+00
 116     5  6.000E+00
 116   103  1.000E+00
 116   104  1.000E+00
 116   109  1.000E+00
 116   111  1.000E+00
 116   112  1.000E+00
 116   115  1.000E+00
 116   116  2.300E+01
 116   117  1.000E+00
 116   122  2.000E+00
 116   123  1.000E+00
 116   125  1.000E+00
 116   129  1.000E+00
 116   130  1.000E+00
 117     1  6.000E+00
 117     2  6.000E+00
 117     5  6.000E+00
 117   104  1.000E+00
 117   105  1.000E+00
 117   110  1.000E+00
 117   112  1.000E+00
 117   113  2.000E+00
 117   116  1.000E+00
 117   117  2.200E+01
 117   118  1.000E+00
 117   123  2.000E+00
 117   124  1.000E+00
 117   126  1.000E+00
 117   130  1.000E+00
 117   131  1.000E+00
 118     1  6.000E+00
 118     2  6.000E+00
 118     5  6.000E+00
 118   105  1.000E+00
 118   106  1.000E+00
 118   111  1.000E+00
 118   113  1.000E+00
 118   114  1.000E+00
 118   117  1.000E+00
 118   118  2.300E+01
 118   119  1.000E+00
 118   124  2.000E+00
 118   125  1.000E+00
 118   127  1.000E+00
 118   131  1.000E+00
 118   132  1.000E+00
 119     1  5.000E+00
 119     2  5.000E+00
 119     5  6.000E+00
 119   106  1.000E+00
 119   107  1.000E+00
 119   112  1.000E+00
 119   114  1.000E+00
 119   118  1.000E+00
 119   119  2.100E+01
 119   120  1.000E+00
 119   125  2.000E+00
 119   126  1.000E+00
 119   128  1.000E+00
 119   132  1.000E+00
 119   133  1.000E+00
 120     1  5.000E+00
 120     2  3.000E+00
 120     5  5.000E+00
 120   107  1.000E+00
 120   108  1.000E+00
 120   113  1.000E+00
 120   119  1.000E+00
 120   120  1.900E+01
 120   121  1.000E+00
 120   126  2.000E+00
 120   127  1.000E+00
 120   133  1.000E+00
 120   134  1.000E+00
 121     1  3.000E+00
 121     2  3.000E+00
 121     5  4.000E+00
 121   108  1.000E+00
 121   114  1.000E+00
 121   120  1.000E+00
 121   121  1.700E+01
 121   127  2.000E+00
 121   128  1.000E+00
 121   134  1.000E+00
 121   135  1.000E+00
 122     1  3.000E+00
 122     2  3.000E+00
 122     5  3.000E+00
 122   109  1.000E+00
 122   115  1.000E+00
 122   116  1.000E+00
 122   122  1.700E+01
 122   123  1.000E+00
 122   129  1.000E+00
 122   136  1.000E+00
 123     1  5.000E+00
 123     2  3.000E+00
 123     5  5.000E+00
 123   109  1.000E+00
 123   110  1.000E+00
 123   116  1.000E+00
 123   117  1.000E+00
 123   122  1.000E+00
 123   123  2.000E+01
 123   124  1.000E+00
 123   130  1.000E+00
 123   136  1.000E+00
 123   137  1.000E+00
 124     1  5.000E+00
 124     2  5.000E+00
 124     5  6.000E+00
 124   110  1.000E+00
 124   111  1.000E+00
 124   115  1.000E+00
 124   117  1.000E+00
 124   118  1.000E+00
 124   123  1.000E+00
 124   124  2.200E+01
 124   125  1.000E+00
 124   129  1.000E+00
 124   131  1.000E+00
 124   137  1.000E+00
 124   138  1.000E+00
 125     1  6.000E+00
 125     2  6.000E+00
 125     5  6.000E+00
 125   111  1.000E+00
 125   112  1.000E+00
 125   116  1.000E+00
 125   118  1.000E+00
 125   119  1.000E+00
 125   124  1.000E+00
 125   125  2.300E+01
 125   126  1.000E+00
 125   129  2.000E+00
 125   130  1.000E+00
 125   132  1.000E+00
 125   138  1.000E+00
 125   139  1.000E+00
 126     1  6.000E+00
 126     2  6.000E+00
 126     5  6.000E+00
 126   112  1.000E+00
 126   113  1.000E+00
 126   117  1.000E+00
 126   119  1.000E+00
 126   120  1.000E+00
 126   125  1.000E+00
 126   126  2.300E+01
 126   127  1.000E+00
 126   130  2.000E+00
 126   131  1.000E+00
 126   133  1.000E+00
 126   139  1.000E+00
 126   140  1.000E+00
 127     1  6.000E+00
 127     2  6.000E+00
 127     5  6.000E+00
 127   113  1.000E+00
 127   114  1.000E+00
 127   118  1.000E+00
 127   120  1.000E+00
 127   121  1.000E+00
 127   126  1.000E+00
 127   127  2.400E+01
 127   128  1.000E+00
 127   131  1.000E+00
 127   132  1.000E+00
 127   134  1.000E+00
 127   140  1.000E+00
 127   141  1.000E+00
 128     1  3.000E+00
 128     2  5.000E+00
 128     5  5.000E+00
 128   114  1.000E+00
 128   119  1.000E+00
 128   121  1.000E+00
 128   127  1.000E+00
 128   128  1.900E+01
 128   132  2.000E+00
 128   133  1.000E+00
 128   135  1.000E+00
 128   141  1.000E+00
 128   142  1.000E+00
 129     1  4.000E+00
 129     2  9.000E+00
 129     5  6.000E+00
 129   115  1.000E+00
 129   116  1.000E+00
 129   122  1.000E+00
 129   124  1.000E+00
 129   125  1.000E+00
 129   129  2.500E+01
 129   130  1.000E+00
 129   136  5.000E+00
 129   138  1.000E+00
 129   143  1.000E+00
 129   144  1.000E+00
 130     1  6.000E+00
 130     2  6.000E+00
 130     5  6.000E+00
 130   116  1.000E+00
 130   117  1.000E+00
 130   123  1.000E+00
 130   125  1.000E+00
 130   126  1.000E+00
 130   129  1.000E+00
 130   130  2.300E+01
 130   131  1.000E+00
 130   136  2.000E+00
 130   137  1.000E+00
 130   139  1.000E+00
 130   144  1.000E+00
 130   145  1.000E+00
 131     1  6.000E+00
 131     2  6.000E+00
 131     5  6.000E+00
 131   117  1.000E+00
 131   118  1.000E+00
 131   124  1.000E+00
 131   126  1.000E+00
 131   127  2.000E+00
 131   130  1.000E+00
 131   131  2.200E+01
 131   132  1.000E+00
 131   137  2.000E+00
 131   138  1.000E+00
 131   140  1.000E+00
 131   143  1.000E+00
 131   145  1.000E+00
 131   146  1.000E+00
 132     1  6.000E+00
 132     2  6.000E+00
 132     5  6.000E+00
 132   118  1.000E+00
 132   119  1.000E+00
 132   125  1.000E+00
 132   127  1.000E+00
 132   128  1.000E+00
 132   131  1.000E+00
 132   132  2.300E+01
 132   133  1.000E+00
 132   138  2.000E+00
 132   139  1.000E+00
 132   141  1.000E+00
 132   146  1.000E+00
 132   147  1.000E+00
 133     1  5.000E+00
 133     2  5.000E+00
 133     5  6.000E+00
 133   119  1.000E+00
 133   120  1.000E+00
 133   126  1.000E+00
 133   128  1.000E+00
 133   132  1.000E+00
 133   133  2.100E+01
 133   134  1.000E+00
 133   139  2.000E+00
 133   140  1.000E+00
 133   142  1.000E+00
 133   147  1.000E+00
 133   148  1.000E+00
 134     1  5.000E+00
 134     2  3.000E+00
 134     5  5.000E+00
 134   120  1.000E+00
 134   121  1.000E+00
 134   127  1.000E+00
 134   133  1.000E+00
 134   134  1.900E+01
 134   135  1.000E+00
 134   140  2.000E+00
 134   141  1.000E+00
 134   148  1.000E+00
 134   149  1.000E+00
 135     1  3.000E+00
 135     2  3.000E+00
 135     5  4.000E+00
 135   121  1.000E+00
 135   128  1.000E+00
 135   134  1.000E+00
 135   135  1.700E+01
 135   141  2.000E+00
 135   142  1.000E+00
 135   149  1.000E+00
 135   150  1.000E+00
 136     1  3.000E+00
 136     2  7.000E+00
 136     5  3.000E+00
 136   122  1.000E+00
 136   123  1.000E+00
 136   129  5.000E+00
 136   130  1.000E+00
 136   136  2.100E+01
 136   137  1.000E+00
 136   144  1.000E+00
 137     1  4.000E+00
 137     2  6.000E+00
 137     5  3.000E+00
 137   123  1.000E+00
 137   124  1.000E+00
 137   130  1.000E+00
 137   131  1.000E+00
 137   136  1.000E+00
 137   137  2.100E+01
 137   138  1.000E+00
 137   143  3.000E+00
 137   145  1.000E+00
 138     1  5.000E+00
 138     2  6.000E+00
 138     5  4.000E+00
 138   124  1.000E+00
 138   125  1.000E+00
 138   129  1.000E+00
 138   131  1.000E+00
 138   132  1.000E+00
 138   137  1.000E+00
 138   138  2.100E+01
 138   139  1.000E+00
 138   143  2.000E+00
 138   144  1.000E+00
 138   146  1.000E+00
 139     1  5.000E+00
 139     2  6.000E+00
 139     5  4.000E+00
 139   125  1.000E+00
 139   126  1.000E+00
 139   130  1.000E+00
 139   132  1.000E+00
 139   133  1.000E+00
 139   138  1.000E+00
 139   139  2.100E+01
 139   140  1.000E+00
 139   144  2.000E+00
 139   145  1.000E+00
 139   147  1.000E+00
 140     1  5.000E+00
 140     2  6.000E+00
 140     5  4.000E+00
 140   126  1.000E+00
 140   127  1.000E+00
 140   131  1.000E+00
 140   133  1.000E+00
 140   134  1.000E+00
 140   139  1.000E+00
 140   140  2.100E+01
 140   141  1.000E+00
 140   145  2.000E+00
 140   146  1.000E+00
 140   148  1.000E+00
 141     1  5.000E+00
 141     2  6.000E+00
 141     5  4.000E+00
 141   127  1.000E+00
 141   128  1.000E+00
 141   132  1.000E+00
 141   134  1.000E+00
 141   135  1.000E+00
 141   140  1.000E+00
 141   141  2.100E+01
 141   142  1.000E+00
 141   146  2.000E+00
 141   147  1.000E+00
 141   149  1.000E+00
 142     1  2.000E+00
 142     2  5.000E+00
 142     5  3.000E+00
 142   128  1.000E+00
 142   133  1.000E+00
 142   135  1.000E+00
 142   141  1.000E+00
 142   142  1.700E+01
 142   147  2.000E+00
 142   148  1.000E+00
 142   150  1.000E+00
 143     1  3.000E+00
 143     2  4.000E+00
 143     5  1.000E+00
 143   129  1.000E+00
 143   137  3.000E+00
 143   138  1.000E+00
 143   143  1.800E+01
 143   144  1.000E+00
 144     1  4.000E+00
 144     2  3.000E+00
 144     5  3.000E+00
 144   129  1.000E+00
 144   130  1.000E+00
 144   136  1.000E+00
 144   138  1.000E+00
 144   139  1.000E+00
 144   143  1.000E+00
 144   144  1.800E+01
 144   145  1.000E+00
 145     1  4.000E+00
 145     2  3.000E+00
 145     5  3.000E+00
 145   130  1.000E+00
 145   131  1.000E+00
 145   137  1.000E+00
 145   139  1.000E+00
 145   140  1.000E+00
 145   144  1.000E+00
 145   145  1.800E+01
 145   146  1.000E+00
 146     1  4.000E+00
 146     2  3.000E+00
 146     5  3.000E+00
 146   131  1.000E+00
 146   132  1.000E+00
 146   138  1.000E+00
 146   140  1.000E+00
 146   141  1.000E+00
 146   145  1.000E+00
 146   146  1.800E+01
 146   147  1.000E+00
 147     1  4.000E+00
 147     2  3.000E+00
 147     5  3.000E+00
 147   132  1.000E+00
 147   133  1.000E+00
 147   139  1.000E+00
 147   141  1.000E+00
 147   142  1.000E+00
 147   146  1.000E+00
 147   147  1.800E+01
 147   148  1.000E+00
 148     1  3.000E+00
 148     2  2.000E+00
 148     5  3.000E+00
 148   133  1.000E+00
 148   134  1.000E+00
 148   140  1.000E+00
 148   142  1.000E+00
 148   147  1.000E+00
 148   148  1.600E+01
 148   149  1.000E+00
 149     1  3.000E+00
 149     2  1.000E+00
 149     5  3.000E+00
 149   134  1.000E+00
 149   135  1.000E+00
 149   141  1.000E+00
 149   148  1.000E+00
 149   149  1.500E+01
 149   150  1.000E+00
 150     1  1.000E+00
 150     2  1.000E+00
 150     5  2.000E+00
 150   135  1.000E+00
 150   142  1.000E+00
 150   149  1.000E+00
 150   150  1.300E+01
