  150
010015020030040050060070080090100150200250300350400450500600700800900100
    n
    p
    d
  he3
  he4
  li6
  li7
  be7
  be9
   b8
  b10
  b11
  c12
  c13
  c14
  n13
  n14
  n15
  o14
  o15
  o16
  o17
  o18
  f17
  f18
  f19
 ne18
 ne19
 ne20
 ne21
 ne22
 na21
 na22
 na23
 mg23
 mg24
 mg25
 mg26
 al24
 al25
 al26
 al27
 si28
 si29
 si30
 si31
 si32
  p29
  p30
  p31
  p32
  p33
  s32
  s33
  s34
  s35
  s36
 cl33
 cl34
 cl35
 cl36
 cl37
 ar36
 ar37
 ar38
 ar39
 ar40
  k37
  k38
  k39
  k40
  k41
 ca40
 ca41
 ca42
 ca43
 ca44
 ca45
 ca46
 ca47
 ca48
 sc43
 sc44
 sc45
 sc46
 sc47
 sc48
 sc49
 ti44
 ti45
 ti46
 ti47
 ti48
 ti49
 ti50
  v46
  v47
  v48
  v49
  v50
  v51
 cr48
 cr49
 cr50
 cr51
 cr52
 cr53
 cr54
 mn50
 mn51
 mn52
 mn53
 mn54
 mn55
 fe52
 fe53
 fe54
 fe55
 fe56
 fe57
 fe58
 co53
 co54
 co55
 co56
 co57
 co58
 co59
 ni56
 ni57
 ni58
 ni59
 ni60
 ni61
 ni62
 cu57
 cu58
 cu59
 cu60
 cu61
 cu62
 cu63
 zn59
 zn60
 zn61
 zn62
 zn63
 zn64
 zn65
 zn66
    n       1.000   0   1   0.5     8.071
     1.00     1.00     1.00     1.00     1.00     1.00     1.00     1.00
     1.00     1.00     1.00     1.00     1.00     1.00     1.00     1.00
     1.00     1.00     1.00     1.00     1.00     1.00     1.00     1.00
    p       1.000   1   0   0.5     7.289
     1.00     1.00     1.00     1.00     1.00     1.00     1.00     1.00
     1.00     1.00     1.00     1.00     1.00     1.00     1.00     1.00
     1.00     1.00     1.00     1.00     1.00     1.00     1.00     1.00
    d       2.000   1   1   1.0    13.136
     1.00     1.00     1.00     1.00     1.00     1.00     1.00     1.00
     1.00     1.00     1.00     1.00     1.00     1.00     1.00     1.00
     1.00     1.00     1.00     1.00     1.00     1.00     1.00     1.00
  he3       3.000   2   1   0.5    14.931
     1.00     1.00     1.00     1.00     1.00     1.00     1.00     1.00
     1.00     1.00     1.00     1.00     1.00     1.00     1.00     1.00
     1.00     1.00     1.00     1.00     1.00     1.00     1.00     1.00
  he4       4.000   2   2   0.0     2.425
     1.00     1.00     1.00     1.00     1.00     1.00     1.00     1.00
     1.00     1.00     1.00     1.00     1.00     1.00     1.00     1.00
     1.00     1.00     1.00     1.00     1.00     1.00     1.00     1.00
  li6       6.000   3   3   1.0    14.087
     1.00     1.00     1.00     1.00     1.00     1.00     1.00     1.00
     1.00     1.00     1.00     1.00     1.00     1.00     1.00     1.00
     1.00     1.00     1.00     1.00     1.00     1.00     1.00     1.00
  li7       7.000   3   4   1.5    14.908
     1.00     1.00     1.00     1.00     1.00     1.00     1.00     1.00
     1.00     1.00     1.00     1.00     1.00     1.00     1.00     1.00
     1.00     1.00     1.00     1.00     1.00     1.00     1.00     1.00
  be7       7.000   4   3   1.5    15.770
     1.00     1.00     1.00     1.00     1.00     1.00     1.00     1.00
     1.00     1.00     1.00     1.00     1.00     1.00     1.00     1.00
     1.00     1.00     1.00     1.00     1.00     1.00     1.00     1.00
  be9       9.000   4   5   1.5    11.348
     1.00     1.00     1.00     1.00     1.00     1.00     1.00     1.00
     1.00     1.00     1.00     1.00     1.00     1.00     1.00     1.00
     1.00     1.00     1.00     1.00     1.00     1.00     1.00     1.00
   b8       8.000   5   3   2.0    22.921
     1.00     1.00     1.00     1.00     1.00     1.00     1.00     1.00
     1.00     1.00     1.00     1.00     1.00     1.00     1.00     1.00
     1.00     1.00     1.00     1.00     1.00     1.00     1.00     1.00
  b10      10.000   5   5   3.0    12.051
     1.00     1.00     1.00     1.00     1.00     1.00     1.00     1.00
     1.00     1.00     1.00     1.00     1.00     1.00     1.00     1.00
     1.00     1.00     1.00     1.00     1.00     1.00     1.00     1.00
  b11      11.000   5   6   1.5     8.668
     1.00     1.00     1.00     1.00     1.00     1.00     1.00     1.00
     1.00     1.00     1.00     1.00     1.00     1.00     1.00     1.00
     1.00     1.00     1.00     1.00     1.00     1.00     1.00     1.00
  c12      12.000   6   6   0.0     0.000
     1.00     1.00     1.00     1.00     1.00     1.00     1.00     1.00
     1.00     1.00     1.00     1.00     1.00     1.00     1.00     1.00
     1.00     1.00     1.00     1.00     1.00     1.00     1.00     1.00
  c13      13.000   6   7   0.5     3.125
     1.00     1.00     1.00     1.00     1.00     1.00     1.00     1.00
     1.00     1.00     1.00     1.00     1.00     1.00     1.00     1.00
     1.00     1.00     1.00     1.00     1.00     1.00     1.00     1.00
  c14      14.000   6   8   0.0     3.020
     1.00     1.00     1.00     1.00     1.00     1.00     1.00     1.00
     1.00     1.00     1.00     1.00     1.00     1.00     1.00     1.00
     1.00     1.00     1.00     1.00     1.00     1.00     1.00     1.00
  n13      13.000   7   6   0.5     5.345
     1.00     1.00     1.00     1.00     1.00     1.00     1.00     1.00
     1.00     1.00     1.00     1.00     1.00     1.00     1.00     1.00
     1.00     1.00     1.00     1.00     1.00     1.00     1.00     1.00
  n14      14.000   7   7   1.0     2.863
     1.00     1.00     1.00     1.00     1.00     1.00     1.00     1.00
     1.00     1.00     1.00     1.00     1.00     1.00     1.00     1.00
     1.00     1.00     1.00     1.00     1.00     1.00     1.00     1.00
  n15      15.000   7   8   0.5     0.101
     1.00     1.00     1.00     1.00     1.00     1.00     1.00     1.00
     1.00     1.00     1.00     1.00     1.00     1.00     1.00     1.00
     1.00     1.00     1.00     1.00     1.00     1.00     1.00     1.00
  o14      14.000   8   6   0.0     8.007
     1.00     1.00     1.00     1.00     1.00     1.00     1.00     1.00
     1.00     1.00     1.00     1.00     1.00     1.00     1.00     1.00
     1.00     1.00     1.00     1.00     1.00     1.00     1.00     1.00
  o15      15.000   8   7   0.5     2.856
     1.00     1.00     1.00     1.00     1.00     1.00     1.00     1.00
     1.00     1.00     1.00     1.00     1.00     1.00     1.00     1.00
     1.00     1.00     1.00     1.00     1.00     1.00     1.00     1.00
  o16      16.000   8   8   0.0    -4.737
     1.00     1.00     1.00     1.00     1.00     1.00     1.00     1.00
     1.00     1.00     1.00     1.00     1.00     1.00     1.00     1.00
     1.00     1.00     1.00     1.00     1.00     1.00     1.00     1.00
  o17      17.000   8   9   2.5    -0.809
     1.00     1.00     1.00     1.00     1.00     1.00     1.00     1.00
     1.00     1.00     1.00     1.00     1.00     1.01     1.01     1.02
     1.03     1.04     1.04     1.06     1.08     1.10     1.13     1.15
  o18      18.000   8  10   0.0    -0.782
     1.00     1.00     1.00     1.00     1.00     1.00     1.00     1.00
     1.00     1.00     1.00     1.00     1.00     1.00     1.00     1.01
     1.02     1.03     1.05     1.12     1.22     1.36     1.53     1.73
  f17      17.000   9   8   2.5     1.952
     1.00     1.00     1.00     1.00     1.00     1.00     1.00     1.00
     1.00     1.00     1.00     1.01     1.02     1.03     1.05     1.06
     1.08     1.09     1.10     1.13     1.15     1.17     1.19     1.22
  f18      18.000   9   9   1.0     0.874
     1.00     1.00     1.00     1.00     1.00     1.00     1.00     1.00
     1.00     1.00     1.00     1.00     1.02     1.06     1.12     1.22
     1.33     1.47     1.61     1.92     2.24     2.55     2.84     3.12
  f19      19.000   9  10   0.5    -1.487
     1.00     1.00     1.00     1.02     1.05     1.11     1.20     1.29
     1.39     1.50     1.61     2.12     2.53     2.85     3.12     3.35
     3.57     3.77     3.96     4.35     4.72     5.10     5.46     5.83
 ne18      18.000  10   8   0.0     5.317
     1.00     1.00     1.00     1.00     1.00     1.00     1.00     1.00
     1.00     1.00     1.00     1.00     1.00     1.00     1.00     1.01
     1.02     1.04     1.07     1.15     1.28     1.45     1.66     1.93
 ne19      19.000  10   9   0.5     1.751
     1.00     1.00     1.00     1.00     1.00     1.01     1.03     1.07
     1.11     1.17     1.23     1.59     1.96     2.28     2.56     2.81
     3.03     3.25     3.46     3.86     4.27     4.69     5.13     5.60
 ne20      20.000  10  10   0.0    -7.042
     1.00     1.00     1.00     1.00     1.00     1.00     1.00     1.00
     1.00     1.00     1.00     1.00     1.00     1.00     1.01     1.02
     1.04     1.07     1.11     1.22     1.34     1.49     1.66     1.85
 ne21      21.000  10  11   1.5    -5.732
     1.00     1.00     1.00     1.00     1.00     1.00     1.00     1.00
     1.01     1.02     1.03     1.10     1.20     1.30     1.39     1.48
     1.56     1.63     1.71     1.85     1.99     2.15     2.32     2.51
 ne22      22.000  10  12   0.0    -8.025
     1.00     1.00     1.00     1.00     1.00     1.00     1.00     1.00
     1.00     1.00     1.00     1.00     1.00     1.01     1.04     1.07
     1.12     1.19     1.26     1.44     1.65     1.88     2.15     2.45
 na21      21.000  11  10   1.5    -2.184
     1.00     1.00     1.00     1.00     1.00     1.00     1.00     1.01
     1.01     1.02     1.03     1.12     1.22     1.32     1.42     1.51
     1.59     1.66     1.74     1.88     2.03     2.19     2.35     2.54
 na22      22.000  11  11   3.0    -5.182
     1.00     1.00     1.00     1.00     1.00     1.00     1.00     1.00
     1.00     1.00     1.00     1.01     1.03     1.06     1.10     1.16
     1.22     1.30     1.38     1.56     1.76     1.98     2.21     2.47
 na23      23.000  11  12   1.5    -9.530
     1.00     1.00     1.00     1.00     1.00     1.00     1.00     1.00
     1.00     1.01     1.01     1.05     1.12     1.19     1.27     1.35
     1.43     1.50     1.57     1.70     1.85     2.00     2.17     2.36
 mg23      23.000  12  11   1.5    -5.474
     1.00     1.00     1.00     1.00     1.00     1.00     1.00     1.00
     1.00     1.00     1.01     1.05     1.11     1.19     1.26     1.34
     1.41     1.48     1.55     1.69     1.82     1.97     2.12     2.29
 mg24      24.000  12  12   0.0   -13.934
     1.00     1.00     1.00     1.00     1.00     1.00     1.00     1.00
     1.00     1.00     1.00     1.00     1.00     1.01     1.03     1.05
     1.09     1.15     1.21     1.36     1.53     1.73     1.94     2.17
 mg25      25.000  12  13   2.5   -13.193
     1.00     1.00     1.00     1.00     1.00     1.00     1.00     1.00
     1.00     1.00     1.00     1.00     1.01     1.03     1.05     1.08
     1.12     1.16     1.20     1.31     1.43     1.58     1.74     1.93
 mg26      26.000  12  14   0.0   -16.215
     1.00     1.00     1.00     1.00     1.00     1.00     1.00     1.00
     1.00     1.00     1.00     1.00     1.00     1.00     1.00     1.01
     1.03     1.05     1.08     1.18     1.33     1.53     1.80     2.14
 al24      24.000  13  11   4.0    -0.057
     1.00     1.00     1.00     1.00     1.00     1.00     1.00     1.00
     1.00     1.00     1.00     1.02     1.05     1.08     1.12     1.17
     1.21     1.27     1.32     1.44     1.56     1.71     1.87     2.05
 al25      25.000  13  12   2.5    -8.916
     1.00     1.00     1.00     1.00     1.00     1.00     1.00     1.00
     1.00     1.00     1.00     1.01     1.03     1.05     1.08     1.11
     1.15     1.19     1.23     1.33     1.44     1.57     1.72     1.89
 al26      26.000  13  13   5.0   -12.210
     1.00     1.00     1.00     1.00     1.00     1.00     1.00     1.00
     1.00     1.01     1.01     1.04     1.08     1.13     1.17     1.21
     1.26     1.30     1.35     1.46     1.58     1.72     1.89     2.09
 al27      27.000  13  14   2.5   -17.197
     1.00     1.00     1.00     1.00     1.00     1.00     1.00     1.00
     1.00     1.00     1.00     1.00     1.00     1.01     1.03     1.04
     1.07     1.09     1.12     1.19     1.27     1.37     1.49     1.63
 si28      28.000  14  14   0.0   -21.493
     1.00     1.00     1.00     1.00     1.00     1.00     1.00     1.00
     1.00     1.00     1.00     1.00     1.00     1.00     1.01     1.01
     1.03     1.05     1.08     1.16     1.27     1.39     1.54     1.70
 si29      29.000  14  15   0.5   -21.895
     1.00     1.00     1.00     1.00     1.00     1.00     1.00     1.00
     1.00     1.00     1.00     1.00     1.00     1.01     1.02     1.03
     1.06     1.10     1.14     1.26     1.42     1.62     1.87     2.17
 si30      30.000  14  16   0.0   -24.433
     1.00     1.00     1.00     1.00     1.00     1.00     1.00     1.00
     1.00     1.00     1.00     1.00     1.00     1.00     1.00     1.00
     1.01     1.02     1.03     1.08     1.16     1.27     1.44     1.68
 si31      31.000  14  17   1.5   -22.949
     1.00     1.00     1.00     1.00     1.00     1.00     1.00     1.00
     1.00     1.00     1.00     1.00     1.01     1.02     1.03     1.05
     1.07     1.10     1.13     1.20     1.29     1.41     1.56     1.74
 si32      32.000  14  18   0.0   -24.081
     1.00     1.00     1.00     1.00     1.00     1.00     1.00     1.00
     1.00     1.00     1.00     1.00     1.00     1.00     1.00     1.01
     1.02     1.03     1.06     1.12     1.21     1.33     1.48     1.68
  p29      29.000  15  14   0.5   -16.953
     1.00     1.00     1.00     1.00     1.00     1.00     1.00     1.00
     1.00     1.00     1.00     1.00     1.00     1.00     1.01     1.03
     1.05     1.08     1.12     1.24     1.40     1.60     1.85     2.14
  p30      30.000  15  15   1.0   -20.201
     1.00     1.00     1.00     1.00     1.00     1.00     1.00     1.00
     1.00     1.00     1.00     1.01     1.02     1.05     1.10     1.15
     1.21     1.28     1.36     1.55     1.79     2.09     2.47     2.96
  p31      31.000  15  16   0.5   -24.441
     1.00     1.00     1.00     1.00     1.00     1.00     1.00     1.00
     1.00     1.00     1.00     1.00     1.00     1.01     1.02     1.03
     1.06     1.09     1.13     1.23     1.38     1.57     1.83     2.19
  p32      32.000  15  17   1.0   -24.305
     1.00     1.00     1.02     1.08     1.17     1.27     1.37     1.46
     1.54     1.61     1.67     1.92     2.08     2.20     2.30     2.40
     2.50     2.61     2.74     3.04     3.44     3.99     4.72     5.70
  p33      33.000  15  18   0.5   -26.337
     1.00     1.00     1.00     1.00     1.00     1.00     1.00     1.00
     1.00     1.00     1.00     1.00     1.00     1.00     1.01     1.02
     1.05     1.08     1.12     1.24     1.41     1.65     1.97     2.41
  s32      32.000  16  16   0.0   -26.016
     1.00     1.00     1.00     1.00     1.00     1.00     1.00     1.00
     1.00     1.00     1.00     1.00     1.00     1.00     1.00     1.00
     1.01     1.02     1.03     1.07     1.14     1.24     1.39     1.59
  s33      33.000  16  17   1.5   -26.586
     1.00     1.00     1.00     1.00     1.00     1.00     1.00     1.00
     1.00     1.00     1.00     1.00     1.00     1.01     1.02     1.03
     1.05     1.07     1.10     1.17     1.28     1.43     1.64     1.95
  s34      34.000  16  18   0.0   -29.932
     1.00     1.00     1.00     1.00     1.00     1.00     1.00     1.00
     1.00     1.00     1.00     1.00     1.00     1.00     1.00     1.00
     1.01     1.02     1.04     1.10     1.20     1.35     1.58     1.92
  s35      35.000  16  19   1.5   -28.846
     1.00     1.00     1.00     1.00     1.00     1.00     1.00     1.00
     1.00     1.00     1.00     1.00     1.00     1.00     1.00     1.01
     1.01     1.03     1.04     1.11     1.21     1.38     1.65     2.04
  s36      36.000  16  20   0.0   -30.664
     1.00     1.00     1.00     1.00     1.00     1.00     1.00     1.00
     1.00     1.00     1.00     1.00     1.00     1.00     1.00     1.00
     1.00     1.00     1.00     1.02     1.05     1.11     1.23     1.45
 cl33      33.000  17  16   1.5   -21.003
     1.00     1.00     1.00     1.00     1.00     1.00     1.00     1.00
     1.00     1.00     1.00     1.00     1.00     1.01     1.02     1.04
     1.06     1.08     1.10     1.18     1.28     1.43     1.63     1.92
 cl34      34.000  17  17   0.0   -24.440
     1.00     1.00     1.00     1.02     1.10     1.23     1.41     1.62
     1.84     2.07     2.30     3.36     4.27     5.06     5.76     6.40
     7.00     7.59     8.18     9.43    10.87    12.66    14.95    17.95
 cl35      35.000  17  18   1.5   -29.014
     1.00     1.00     1.00     1.00     1.00     1.00     1.00     1.00
     1.00     1.00     1.00     1.00     1.00     1.00     1.01     1.01
     1.03     1.04     1.06     1.13     1.23     1.38     1.60     1.91
 cl36      36.000  17  19   2.0   -29.522
     1.00     1.00     1.00     1.00     1.00     1.00     1.00     1.00
     1.00     1.00     1.00     1.00     1.02     1.04     1.08     1.12
     1.18     1.25     1.33     1.54     1.82     2.21     2.75     3.51
 cl37      37.000  17  20   1.5   -31.762
     1.00     1.00     1.00     1.00     1.00     1.00     1.00     1.00
     1.00     1.00     1.00     1.00     1.00     1.00     1.00     1.00
     1.00     1.01     1.01     1.04     1.08     1.17     1.33     1.61
 ar36      36.000  18  18   0.0   -30.232
     1.00     1.00     1.00     1.00     1.00     1.00     1.00     1.00
     1.00     1.00     1.00     1.00     1.00     1.00     1.00     1.01
     1.02     1.03     1.05     1.12     1.22     1.37     1.57     1.86
 ar37      37.000  18  19   1.5   -30.948
     1.00     1.00     1.00     1.00     1.00     1.00     1.00     1.00
     1.00     1.00     1.00     1.00     1.00     1.00     1.01     1.02
     1.03     1.06     1.09     1.19     1.36     1.60     1.97     2.50
 ar38      38.000  18  20   0.0   -34.715
     1.00     1.00     1.00     1.00     1.00     1.00     1.00     1.00
     1.00     1.00     1.00     1.00     1.00     1.00     1.00     1.00
     1.01     1.02     1.04     1.09     1.19     1.36     1.62     2.04
 ar39      39.000  18  21   3.5   -33.242
     1.00     1.00     1.00     1.00     1.00     1.00     1.00     1.00
     1.00     1.00     1.00     1.00     1.00     1.00     1.01     1.01
     1.03     1.04     1.07     1.15     1.28     1.47     1.76     2.17
 ar40      40.000  18  22   0.0   -35.040
     1.00     1.00     1.00     1.00     1.00     1.00     1.00     1.00
     1.00     1.00     1.00     1.00     1.00     1.01     1.02     1.04
     1.08     1.14     1.22     1.46     1.83     2.37     3.15     4.23
  k37      37.000  19  18   1.5   -24.800
     1.00     1.00     1.00     1.00     1.00     1.00     1.00     1.00
     1.00     1.00     1.00     1.00     1.00     1.00     1.01     1.03
     1.05     1.08     1.13     1.24     1.42     1.68     2.04     2.57
  k38      38.000  19  19   3.0   -28.801
     1.00     1.00     1.00     1.00     1.00     1.01     1.01     1.02
     1.02     1.03     1.03     1.06     1.10     1.13     1.16     1.19
     1.22     1.24     1.27     1.35     1.46     1.63     1.89     2.30
  k39      39.000  19  20   1.5   -33.807
     1.00     1.00     1.00     1.00     1.00     1.00     1.00     1.00
     1.00     1.00     1.00     1.00     1.00     1.00     1.00     1.00
     1.00     1.00     1.01     1.03     1.07     1.15     1.30     1.55
  k40      40.000  19  21   4.0   -33.535
     1.02     1.08     1.14     1.25     1.33     1.39     1.44     1.47
     1.50     1.53     1.55     1.62     1.67     1.71     1.76     1.81
     1.87     1.95     2.03     2.23     2.51     2.90     3.44     4.19
  k41      41.000  19  22   1.5   -35.559
     1.00     1.00     1.00     1.00     1.00     1.00     1.00     1.00
     1.00     1.00     1.00     1.00     1.00     1.01     1.04     1.08
     1.15     1.24     1.36     1.71     2.22     2.92     3.85     5.10
 ca40      40.000  20  20   0.0   -34.846
     1.00     1.00     1.00     1.00     1.00     1.00     1.00     1.00
     1.00     1.00     1.00     1.00     1.00     1.00     1.00     1.00
     1.00     1.00     1.00     1.01     1.04     1.09     1.20     1.38
 ca41      41.000  20  21   3.5   -35.138
     1.00     1.00     1.00     1.00     1.00     1.00     1.00     1.00
     1.00     1.00     1.00     1.00     1.00     1.00     1.00     1.00
     1.01     1.01     1.02     1.06     1.14     1.28     1.50     1.83
 ca42      42.000  20  22   0.0   -38.547
     1.00     1.00     1.00     1.00     1.00     1.00     1.00     1.00
     1.00     1.00     1.00     1.00     1.00     1.00     1.02     1.04
     1.08     1.13     1.22     1.48     1.90     2.53     3.43     4.68
 ca43      43.000  20  23   3.5   -38.409
     1.00     1.00     1.00     1.00     1.00     1.00     1.00     1.00
     1.00     1.01     1.01     1.05     1.10     1.17     1.25     1.33
     1.42     1.52     1.63     1.91     2.25     2.69     3.27     4.02
 ca44      44.000  20  24   0.0   -41.468
     1.00     1.00     1.00     1.00     1.00     1.00     1.00     1.00
     1.00     1.00     1.00     1.00     1.01     1.02     1.06     1.12
     1.20     1.30     1.44     1.80     2.32     3.03     4.00     5.34
 ca45      45.000  20  25   3.5   -40.812
     1.00     1.00     1.00     1.00     1.00     1.01     1.03     1.04
     1.06     1.08     1.10     1.19     1.27     1.34     1.39     1.44
     1.49     1.54     1.61     1.76     1.97     2.26     2.69     3.30
 ca46      46.000  20  26   0.0   -43.135
     1.00     1.00     1.00     1.00     1.00     1.00     1.00     1.00
     1.00     1.00     1.00     1.00     1.00     1.01     1.03     1.06
     1.11     1.18     1.27     1.53     1.92     2.50     3.33     4.54
 ca47      47.000  20  27   3.5   -42.340
     1.00     1.00     1.00     1.00     1.00     1.00     1.00     1.00
     1.00     1.00     1.00     1.00     1.00     1.00     1.00     1.00
     1.00     1.00     1.01     1.03     1.07     1.15     1.31     1.59
 ca48      48.000  20  28   0.0   -44.214
     1.00     1.00     1.00     1.00     1.00     1.00     1.00     1.00
     1.00     1.00     1.00     1.00     1.00     1.00     1.00     1.00
     1.00     1.00     1.00     1.01     1.03     1.08     1.19     1.43
 sc43      43.000  21  22   3.5   -36.188
     1.00     1.00     1.00     1.00     1.01     1.01     1.03     1.04
     1.06     1.07     1.09     1.17     1.25     1.34     1.45     1.57
     1.70     1.85     2.02     2.43     2.93     3.56     4.36     5.40
 sc44      44.000  21  23   2.0   -37.816
     1.00     1.00     1.01     1.04     1.09     1.14     1.20     1.27
     1.35     1.44     1.53     2.12     2.80     3.52     4.24     4.96
     5.68     6.40     7.13     8.64    10.28    12.19    14.53    17.51
 sc45      45.000  21  24   3.5   -41.068
     1.12     1.19     1.24     1.31     1.35     1.38     1.39     1.41
     1.42     1.43     1.44     1.50     1.57     1.68     1.80     1.96
     2.13     2.33     2.56     3.07     3.68     4.43     5.36     6.58
 sc46      46.000  21  25   4.0   -41.757
     1.00     1.03     1.07     1.19     1.33     1.45     1.57     1.68
     1.78     1.88     1.98     2.45     2.89     3.33     3.76     4.19
     4.64     5.09     5.55     6.54     7.65     8.95    10.56    12.64
 sc47      47.000  21  26   3.5   -44.332
     1.00     1.00     1.00     1.00     1.00     1.00     1.00     1.00
     1.00     1.00     1.00     1.00     1.01     1.04     1.07     1.12
     1.18     1.26     1.35     1.58     1.89     2.33     2.94     3.82
 sc48      48.000  21  27   6.0   -44.496
     1.00     1.00     1.00     1.01     1.02     1.04     1.07     1.11
     1.15     1.19     1.23     1.43     1.62     1.79     1.95     2.10
     2.25     2.40     2.57     2.94     3.40     4.01     4.83     5.96
 sc49      49.000  21  28   3.5   -46.552
     1.00     1.00     1.00     1.00     1.00     1.00     1.00     1.00
     1.00     1.00     1.00     1.00     1.00     1.00     1.00     1.00
     1.00     1.00     1.01     1.02     1.07     1.16     1.36     1.71
 ti44      44.000  22  22   0.0   -37.548
     1.00     1.00     1.00     1.00     1.00     1.00     1.00     1.00
     1.00     1.00     1.00     1.00     1.01     1.03     1.08     1.14
     1.23     1.35     1.49     1.85     2.35     3.01     3.86     4.94
 ti45      45.000  22  23   3.5   -39.006
     1.01     1.06     1.13     1.28     1.41     1.51     1.59     1.66
     1.72     1.77     1.81     1.97     2.09     2.19     2.28     2.39
     2.50     2.62     2.76     3.09     3.53     4.11     4.90     6.02
 ti46      46.000  22  24   0.0   -44.123
     1.00     1.00     1.00     1.00     1.00     1.00     1.00     1.00
     1.00     1.00     1.00     1.01     1.03     1.08     1.16     1.27
     1.41     1.57     1.75     2.19     2.75     3.48     4.47     5.85
 ti47      47.000  22  25   2.5   -44.932
     1.00     1.00     1.00     1.00     1.01     1.03     1.06     1.09
     1.13     1.17     1.21     1.39     1.53     1.65     1.75     1.85
     1.95     2.07     2.20     2.51     2.93     3.51     4.33     5.50
 ti48      48.000  22  26   0.0   -48.488
     1.00     1.00     1.00     1.00     1.00     1.00     1.00     1.00
     1.00     1.00     1.00     1.00     1.02     1.05     1.11     1.20
     1.31     1.45     1.61     2.05     2.68     3.59     4.89     6.75
 ti49      49.000  22  27   3.5   -48.559
     1.00     1.00     1.00     1.00     1.00     1.00     1.00     1.00
     1.00     1.00     1.00     1.00     1.00     1.00     1.01     1.03
     1.06     1.11     1.17     1.34     1.61     1.99     2.54     3.33
 ti50      50.000  22  28   0.0   -51.427
     1.00     1.00     1.00     1.00     1.00     1.00     1.00     1.00
     1.00     1.00     1.00     1.00     1.00     1.00     1.01     1.03
     1.06     1.10     1.17     1.35     1.63     2.07     2.74     3.80
  v46      46.000  23  23   0.0   -37.073
     1.00     1.00     1.00     1.00     1.00     1.00     1.00     1.00
     1.00     1.00     1.00     1.02     1.12     1.37     1.82     2.48
     3.35     4.44     5.74     8.95    13.06    18.31    25.18    34.49
  v47      47.000  23  24   1.5   -42.002
     1.00     1.00     1.01     1.06     1.15     1.27     1.40     1.54
     1.69     1.83     1.96     2.55     3.02     3.41     3.76     4.09
     4.42     4.75     5.11     5.92     6.95     8.31    10.20    12.90
  v48      48.000  23  25   4.0   -44.475
     1.00     1.00     1.00     1.00     1.00     1.00     1.00     1.00
     1.01     1.02     1.03     1.14     1.34     1.60     1.91     2.26
     2.63     3.02     3.43     4.30     5.28     6.42     7.84     9.66
  v49      49.000  23  26   3.5   -47.957
     1.00     1.00     1.00     1.02     1.06     1.11     1.16     1.21
     1.26     1.30     1.35     1.53     1.66     1.78     1.90     2.02
     2.16     2.32     2.51     2.96     3.54     4.31     5.35     6.80
  v50      50.000  23  27   6.0   -49.222
     1.00     1.00     1.00     1.00     1.00     1.01     1.01     1.03
     1.04     1.07     1.09     1.26     1.46     1.67     1.88     2.09
     2.30     2.52     2.74     3.24     3.84     4.58     5.55     6.88
  v51      51.000  23  28   3.5   -52.201
     1.00     1.00     1.00     1.00     1.00     1.00     1.00     1.00
     1.01     1.01     1.02     1.06     1.12     1.18     1.24     1.29
     1.35     1.42     1.49     1.66     1.89     2.22     2.71     3.45
 cr48      48.000  24  24   0.0   -42.819
     1.00     1.00     1.00     1.00     1.00     1.00     1.00     1.00
     1.00     1.00     1.00     1.01     1.06     1.15     1.28     1.43
     1.61     1.80     2.00     2.46     3.00     3.63     4.44     5.54
 cr49      49.000  24  25   2.5   -45.330
     1.00     1.00     1.00     1.00     1.00     1.00     1.01     1.01
     1.03     1.04     1.06     1.16     1.28     1.39     1.50     1.61
     1.71     1.83     1.95     2.23     2.58     3.04     3.70     4.68
 cr50      50.000  24  26   0.0   -50.259
     1.00     1.00     1.00     1.00     1.00     1.00     1.00     1.00
     1.00     1.00     1.00     1.01     1.05     1.13     1.25     1.39
     1.56     1.75     1.96     2.49     3.19     4.16     5.56     7.64
 cr51      51.000  24  27   3.5   -51.449
     1.00     1.00     1.00     1.00     1.00     1.00     1.00     1.00
     1.00     1.00     1.00     1.00     1.01     1.03     1.07     1.12
     1.19     1.27     1.38     1.66     2.05     2.59     3.34     4.40
 cr52      52.000  24  28   0.0   -55.417
     1.00     1.00     1.00     1.00     1.00     1.00     1.00     1.00
     1.00     1.00     1.00     1.00     1.00     1.01     1.02     1.05
     1.10     1.17     1.27     1.58     2.10     2.92     4.14     5.98
 cr53      53.000  24  29   1.5   -55.285
     1.00     1.00     1.00     1.00     1.00     1.00     1.00     1.00
     1.00     1.00     1.00     1.01     1.02     1.06     1.11     1.18
     1.27     1.39     1.53     1.91     2.45     3.22     4.34     5.99
 cr54      54.000  24  30   0.0   -56.933
     1.00     1.00     1.00     1.00     1.00     1.00     1.00     1.00
     1.00     1.00     1.00     1.01     1.04     1.11     1.21     1.34
     1.50     1.68     1.89     2.42     3.13     4.13     5.62     7.95
 mn50      50.000  25  25   0.0   -42.627
     1.00     1.00     1.00     1.00     1.01     1.05     1.13     1.25
     1.40     1.58     1.78     2.95     4.23     5.53     6.83     8.13
     9.44    10.80    12.23    15.46    19.49    24.87    32.37    43.18
 mn51      51.000  25  26   2.5   -48.241
     1.00     1.00     1.00     1.00     1.00     1.01     1.01     1.03
     1.04     1.06     1.09     1.21     1.34     1.45     1.56     1.67
     1.77     1.89     2.02     2.31     2.71     3.25     4.02     5.15
 mn52      52.000  25  27   6.0   -50.705
     1.00     1.00     1.00     1.00     1.00     1.00     1.00     1.00
     1.00     1.00     1.01     1.03     1.09     1.19     1.32     1.48
     1.66     1.86     2.08     2.57     3.15     3.87     4.79     6.02
 mn53      53.000  25  28   3.5   -54.688
     1.00     1.00     1.00     1.00     1.00     1.00     1.00     1.00
     1.00     1.01     1.01     1.04     1.08     1.13     1.19     1.24
     1.30     1.37     1.44     1.63     1.89     2.27     2.82     3.66
 mn54      54.000  25  29   3.0   -55.555
     1.00     1.01     1.03     1.09     1.16     1.23     1.31     1.39
     1.47     1.54     1.62     1.99     2.34     2.68     3.01     3.36
     3.72     4.11     4.53     5.49     6.68     8.20    10.25    13.10
 mn55      55.000  25  30   2.5   -57.711
     1.00     1.00     1.00     1.01     1.03     1.07     1.12     1.17
     1.21     1.26     1.31     1.50     1.65     1.77     1.88     1.99
     2.10     2.23     2.37     2.74     3.25     4.00     5.14     6.94
 fe52      52.000  26  26   0.0   -48.332
     1.00     1.00     1.00     1.00     1.00     1.00     1.00     1.00
     1.00     1.00     1.00     1.01     1.04     1.10     1.19     1.30
     1.44     1.58     1.74     2.10     2.51     3.00     3.65     4.57
 fe53      53.000  26  27   3.5   -50.945
     1.00     1.00     1.00     1.00     1.00     1.00     1.00     1.00
     1.00     1.00     1.00     1.00     1.01     1.03     1.05     1.09
     1.14     1.20     1.27     1.46     1.74     2.13     2.72     3.58
 fe54      54.000  26  28   0.0   -56.252
     1.00     1.00     1.00     1.00     1.00     1.00     1.00     1.00
     1.00     1.00     1.00     1.00     1.00     1.01     1.02     1.05
     1.10     1.16     1.26     1.55     2.02     2.75     3.85     5.54
 fe55      55.000  26  29   1.5   -57.479
     1.00     1.00     1.00     1.00     1.00     1.00     1.00     1.00
     1.00     1.00     1.00     1.02     1.05     1.10     1.17     1.25
     1.35     1.48     1.62     2.01     2.54     3.29     4.39     6.02
 fe56      56.000  26  30   0.0   -60.605
     1.00     1.00     1.00     1.00     1.00     1.00     1.00     1.00
     1.00     1.00     1.00     1.01     1.04     1.10     1.19     1.31
     1.46     1.63     1.83     2.34     3.08     4.17     5.83     8.41
 fe57      57.000  26  31   0.5   -60.180
     1.38     1.66     1.87     2.16     2.37     2.56     2.73     2.89
     3.05     3.20     3.34     3.96     4.50     5.00     5.48     5.96
     6.46     6.99     7.56     8.90    10.69    13.27    17.19    23.39
 fe58      58.000  26  32   0.0   -62.153
     1.00     1.00     1.00     1.00     1.00     1.00     1.00     1.00
     1.00     1.00     1.00     1.01     1.05     1.12     1.23     1.38
     1.56     1.79     2.05     2.75     3.73     5.17     7.37    10.95
 co53      53.000  27  26   3.5   -42.645
     1.00     1.00     1.00     1.00     1.00     1.00     1.00     1.00
     1.00     1.00     1.00     1.00     1.00     1.00     1.00     1.00
     1.00     1.00     1.00     1.01     1.04     1.10     1.24     1.52
 co54      54.000  27  27   0.0   -48.010
     1.00     1.00     1.00     1.01     1.05     1.15     1.32     1.55
     1.84     2.15     2.49     4.22     5.74     7.01     8.08     9.04
     9.93    10.83    11.76    13.94    16.86    20.99    27.03    36.01
 co55      55.000  27  28   3.5   -54.028
     1.00     1.00     1.00     1.00     1.00     1.00     1.00     1.00
     1.00     1.00     1.00     1.00     1.00     1.00     1.00     1.00
     1.00     1.01     1.01     1.05     1.12     1.26     1.52     1.96
 co56      56.000  27  29   4.0   -56.039
     1.00     1.00     1.00     1.00     1.01     1.02     1.04     1.06
     1.08     1.10     1.13     1.25     1.37     1.50     1.65     1.81
     1.99     2.18     2.39     2.90     3.55     4.42     5.64     7.39
 co57      57.000  27  30   3.5   -59.344
     1.00     1.00     1.00     1.00     1.00     1.00     1.00     1.00
     1.00     1.00     1.00     1.00     1.00     1.01     1.02     1.04
     1.08     1.13     1.20     1.40     1.73     2.22     2.98     4.15
 co58      58.000  27  31   2.0   -59.846
     1.13     1.35     1.60     2.09     2.51     2.87     3.17     3.43
     3.66     3.87     4.06     4.86     5.52     6.12     6.69     7.24
     7.81     8.42     9.08    10.67    12.82    15.87    20.35    27.08
 co59      59.000  27  32   3.5   -62.228
     1.00     1.00     1.00     1.00     1.00     1.00     1.00     1.00
     1.00     1.00     1.00     1.00     1.00     1.01     1.03     1.07
     1.13     1.21     1.32     1.63     2.13     2.92     4.18     6.25
 ni56      56.000  28  28   0.0   -53.904
     1.00     1.00     1.00     1.00     1.00     1.00     1.00     1.00
     1.00     1.00     1.00     1.00     1.00     1.00     1.00     1.00
     1.00     1.01     1.01     1.03     1.08     1.18     1.35     1.67
 ni57      57.000  28  29   1.5   -56.082
     1.00     1.00     1.00     1.00     1.00     1.00     1.00     1.00
     1.00     1.00     1.00     1.00     1.02     1.05     1.08     1.13
     1.18     1.24     1.31     1.47     1.68     2.01     2.53     3.37
 ni58      58.000  28  30   0.0   -60.228
     1.00     1.00     1.00     1.00     1.00     1.00     1.00     1.00
     1.00     1.00     1.00     1.00     1.00     1.01     1.02     1.04
     1.09     1.15     1.24     1.51     1.97     2.71     3.88     5.75
 ni59      59.000  28  31   1.5   -61.156
     1.00     1.00     1.00     1.00     1.00     1.00     1.00     1.01
     1.01     1.02     1.03     1.12     1.25     1.40     1.56     1.72
     1.91     2.11     2.33     2.86     3.57     4.58     6.09     8.45
 ni60      60.000  28  32   0.0   -64.472
     1.00     1.00     1.00     1.00     1.00     1.00     1.00     1.00
     1.00     1.00     1.00     1.00     1.00     1.01     1.03     1.07
     1.13     1.21     1.33     1.69     2.27     3.20     4.74     7.35
 ni61      61.000  28  33   1.5   -64.221
     1.00     1.01     1.03     1.11     1.21     1.31     1.41     1.50
     1.57     1.64     1.71     1.95     2.14     2.32     2.51     2.73
     2.98     3.28     3.62     4.51     5.75     7.60    10.46    15.06
 ni62      62.000  28  34   0.0   -66.746
     1.00     1.00     1.00     1.00     1.00     1.00     1.00     1.00
     1.00     1.00     1.00     1.00     1.01     1.02     1.06     1.11
     1.19     1.30     1.44     1.86     2.55     3.71     5.75     9.44
 cu57      57.000  29  28   1.5   -47.310
     1.00     1.00     1.00     1.00     1.00     1.00     1.00     1.00
     1.00     1.00     1.00     1.00     1.00     1.00     1.01     1.02
     1.03     1.05     1.09     1.18     1.35     1.61     2.03     2.71
 cu58      58.000  29  29   1.0   -51.662
     1.00     1.00     1.00     1.00     1.00     1.00     1.01     1.01
     1.02     1.03     1.05     1.14     1.28     1.44     1.61     1.80
     2.01     2.25     2.53     3.27     4.37     6.01     8.52    12.41
 cu59      59.000  29  30   1.5   -56.357
     1.00     1.00     1.00     1.00     1.00     1.00     1.00     1.00
     1.00     1.00     1.00     1.01     1.04     1.08     1.13     1.20
     1.29     1.40     1.54     1.92     2.54     3.53     5.15     7.80
 cu60      60.000  29  31   2.0   -58.344
     1.00     1.00     1.02     1.05     1.10     1.14     1.18     1.22
     1.26     1.31     1.35     1.61     1.94     2.34     2.79     3.28
     3.81     4.38     5.03     6.58     8.70    11.74    16.30    23.34
 cu61      61.000  29  32   1.5   -61.984
     1.00     1.00     1.00     1.00     1.00     1.00     1.00     1.00
     1.00     1.00     1.00     1.01     1.04     1.08     1.14     1.23
     1.35     1.51     1.72     2.33     3.33     4.99     7.76    12.48
 cu62      62.000  29  33   1.0   -62.798
     1.01     1.07     1.16     1.34     1.51     1.65     1.78     1.90
     2.01     2.13     2.25     2.95     3.81     4.78     5.86     7.04
     8.33     9.77    11.38    15.40    21.08    29.58    42.80    63.98
 cu63      63.000  29  34   1.5   -65.580
     1.00     1.00     1.00     1.00     1.00     1.00     1.00     1.00
     1.00     1.00     1.00     1.00     1.02     1.05     1.10     1.18
     1.29     1.45     1.66     2.33     3.53     5.67     9.52    16.43
 zn59      59.000  30  29   1.5   -47.260
     1.00     1.00     1.00     1.00     1.00     1.00     1.00     1.00
     1.00     1.00     1.01     1.03     1.06     1.12     1.20     1.29
     1.40     1.54     1.71     2.17     2.86     3.94     5.68     8.49
 zn60      60.000  30  30   0.0   -54.188
     1.00     1.00     1.00     1.00     1.00     1.00     1.00     1.00
     1.00     1.00     1.00     1.00     1.01     1.05     1.10     1.19
     1.29     1.41     1.55     1.91     2.41     3.16     4.40     6.56
 zn61      61.000  30  31   1.5   -56.345
     1.00     1.00     1.00     1.03     1.08     1.15     1.23     1.31
     1.39     1.47     1.54     1.87     2.15     2.40     2.66     2.93
     3.23     3.56     3.95     4.99     6.57     9.13    13.35    20.44
 zn62      62.000  30  32   0.0   -61.171
     1.00     1.00     1.00     1.00     1.00     1.00     1.00     1.00
     1.00     1.00     1.00     1.00     1.02     1.06     1.13     1.24
     1.38     1.56     1.78     2.44     3.51     5.32     8.50    14.29
 zn63      63.000  30  33   1.5   -62.213
     1.00     1.00     1.00     1.00     1.01     1.02     1.04     1.07
     1.11     1.15     1.19     1.43     1.69     1.97     2.28     2.63
     3.04     3.52     4.10     5.64     8.02    11.85    18.26    29.28
 zn64      64.000  30  34   0.0   -66.004
     1.00     1.00     1.00     1.00     1.00     1.00     1.00     1.00
     1.00     1.00     1.00     1.00     1.02     1.05     1.12     1.21
     1.34     1.51     1.74     2.45     3.70     5.99    10.32    18.67
 zn65      65.000  30  35   2.5   -65.912
     1.00     1.01     1.02     1.05     1.10     1.15     1.20     1.26
     1.31     1.36     1.41     1.63     1.82     2.01     2.22     2.47
     2.78     3.15     3.61     4.94     7.13    10.89    17.51    29.35
 zn66      66.000  30  36   0.0   -68.899
     1.00     1.00     1.00     1.00     1.00     1.00     1.00     1.00
     1.00     1.00     1.00     1.00     1.01     1.04     1.10     1.18
     1.30     1.46     1.68     2.41     3.80     6.51    11.89    22.78
