NY=  14
 1.000E+00 1.000E+00 1.000E+00 1.000E+00 1.000E+00 1.000E+00 1.000E+00 1.000E+00
 1.000E+00 1.000E+00 1.000E+00 1.000E+00 1.000E+00 1.000E+00
   1     1  3.300E+01
   1     2  8.000E+00
   1     3  7.000E+00
   1     4  5.000E+00
   1     5  4.000E+00
   1     6  4.000E+00
   1     7  2.000E+00
   1     8  2.000E+00
   1     9  2.000E+00
   1    10  2.000E+00
   1    11  2.000E+00
   1    12  2.000E+00
   1    13  2.000E+00
   1    14  1.000E+00
   2     1  9.000E+00
   2     2  1.800E+01
   2     3  3.000E+00
   2     4  1.000E+00
   2     6  1.000E+00
   3     1  4.000E+00
   3     2  3.000E+00
   3     3  1.700E+01
   3     4  2.000E+00
   4     1  5.000E+00
   4     2  3.000E+00
   4     3  2.000E+00
   4     4  1.500E+01
   4     5  2.000E+00
   4     6  1.000E+00
   5     1  4.000E+00
   5     2  1.000E+00
   5     3  1.000E+00
   5     4  2.000E+00
   5     5  1.400E+01
   5     6  2.000E+00
   6     1  4.000E+00
   6     2  1.000E+00
   6     3  2.000E+00
   6     4  1.000E+00
   6     5  2.000E+00
   6     6  1.400E+01
   6     7  1.000E+00
   7     1  2.000E+00
   7     6  1.000E+00
   7     7  1.200E+01
   7     8  1.000E+00
   8     1  2.000E+00
   8     7  1.000E+00
   8     8  1.200E+01
   8     9  1.000E+00
   9     1  2.000E+00
   9     8  1.000E+00
   9     9  1.200E+01
   9    10  1.000E+00
  10     1  2.000E+00
  10     9  1.000E+00
  10    10  1.200E+01
  10    11  1.000E+00
  11     1  2.000E+00
  11    10  1.000E+00
  11    11  1.200E+01
  11    12  1.000E+00
  12     1  2.000E+00
  12    11  1.000E+00
  12    12  1.200E+01
  12    13  1.000E+00
  13     1  2.000E+00
  13    12  1.000E+00
  13    13  1.200E+01
  13    14  1.000E+00
  14     1  1.000E+00
  14    13  1.000E+00
  14    14  1.100E+01
